360775.998297	4066004.851887
360775.971956	4066005.050106
360775.946114	4066005.246174
360775.92048	4066005.442117
360775.894881	4066005.639376
360775.869393	4066005.836681
360775.844098	4066006.032531
360775.818848	4066006.228748
360775.793802	4066006.423833
360775.769072	4066006.618692
360775.744872	4066006.814136
360775.721059	4066007.009026
360775.696988	4066007.205379
360775.673426	4066007.401757
360775.651561	4066007.597325
360775.629489	4066007.793286
360775.604649	4066007.991004
360775.57932	4066008.188243
360775.555246	4066008.386413
360775.531547	4066008.584277
360775.507993	4066008.780267
360775.484305	4066008.976668
360775.460181	4066009.172636
360775.436467	4066009.367908
360775.414032	4066009.565748
360775.391263	4066009.76288
360775.365475	4066009.959057
360775.34083	4066010.154891
360775.32061	4066010.351855
360775.300069	4066010.549312
360775.277177	4066010.745337
360775.251928	4066010.941899
360775.222338	4066011.138891
360775.194402	4066011.334351
360775.170772	4066011.53015
360775.147566	4066011.726945
360775.124115	4066011.922678
360775.100348	4066012.119391
360775.076152	4066012.316946
360775.051908	4066012.514448
360775.027742	4066012.711516
360775.00346	4066012.908856
360774.978976	4066013.106933
360774.954635	4066013.303439
360774.930058	4066013.501338
360774.90554	4066013.69981
360774.881563	4066013.895609
360774.857272	4066014.090875
360774.832094	4066014.289138
360774.80748	4066014.484542
360774.782992	4066014.681126
360774.758325	4066014.876973
360774.73343	4066015.072054
360774.708864	4066015.268137
360774.684667	4066015.465084
360774.660616	4066015.660796
360774.636286	4066015.858709
360774.611333	4066016.056844
360774.586315	4066016.255124
360774.565923	4066016.451608
360774.547474	4066016.647273
360774.521466	4066016.842086
360774.490207	4066017.038691
360774.464843	4066017.235078
360774.441955	4066017.431426
360774.418148	4066017.626986
360774.394135	4066017.822245
360774.370324	4066018.018358
360774.346598	4066018.214874
360774.32285	4066018.410903
360774.299048	4066018.607169
360774.275344	4066018.80242
360774.251678	4066018.997484
360774.227737	4066019.195792
360774.204261	4066019.390989
360774.180669	4066019.58771
360774.157068	4066019.785069
360774.13361	4066019.982532
360774.110124	4066020.178937
360774.084969	4066020.374957
360774.062682	4066020.573052
360774.047537	4066020.768979
360774.02897	4066020.9666
360773.997526	4066021.161588
360773.968132	4066021.356863
360773.945228	4066021.554123
360773.922112	4066021.752537
360773.898469	4066021.948239
360773.874628	4066022.14659
360773.851051	4066022.344066
360773.82742	4066022.542317
360773.804214	4066022.737311
360773.780576	4066022.9353
360773.75692	4066023.13286
360773.733603	4066023.327603
360773.709893	4066023.525639
360773.686232	4066023.723157
360773.662919	4066023.918344
360773.639093	4066024.114725
360773.616426	4066024.309908
360773.601564	4066024.506534
360773.589144	4066024.704701
360773.560711	4066024.900495
360773.521032	4066025.093496
360773.49514	4066025.291742
360773.4732	4066025.487992
360773.44918	4066025.6861
360773.42535	4066025.880934
360773.401266	4066026.078895
360773.377178	4066026.276636
360773.353256	4066026.471925
360773.329223	4066026.668502
360773.305418	4066026.864876
360773.281541	4066027.061412
360773.257323	4066027.259642
360773.233341	4066027.455111
360773.209166	4066027.651468
360773.184106	4066027.84871
360773.15816	4066028.046841
360773.13842	4066028.245539
360773.12286	4066028.441287
360773.098653	4066028.637441
360773.066421	4066028.832546
360773.04036	4066029.029751
360773.018396	4066029.226523
360772.999878	4066029.4228
360772.982067	4066029.618968
360772.95299	4066029.814346
360772.918486	4066030.007724
360772.891674	4066030.205717
360772.86855	4066030.404304
360772.849282	4066030.602553
360772.830211	4066030.800759
360772.805273	4066030.999012
360772.778306	4066031.193427
360772.750883	4066031.387748
360772.723519	4066031.585838
360772.699229	4066031.780734
360772.675351	4066031.977944
360772.651317	4066032.174214
360772.627116	4066032.372244
360772.603	4066032.569847
360772.578928	4066032.7674
360772.555195	4066032.962552
360772.531265	4066033.159344
360772.507266	4066033.356652
360772.483402	4066033.552557
360772.459207	4066033.750864
360772.434928	4066033.948982
360772.410571	4066034.14681
360772.385226	4066034.344629
360772.359333	4066034.542436
360772.341285	4066034.740162
360772.327442	4066034.937863
360772.302721	4066035.132446
360772.266814	4066035.327284
360772.239771	4066035.523103
360772.216787	4066035.721526
360772.192852	4066035.918548
360772.168784	4066036.11446
360772.144848	4066036.309321
360772.120772	4066036.50503
360772.096411	4066036.703139
360772.071925	4066036.90076
360772.044621	4066037.097191
360772.020817	4066037.294538
360772.010143	4066037.49134
360771.999109	4066037.688036
360771.963707	4066037.884674
360771.924676	4066038.077431
360771.90179	4066038.274394
360771.881923	4066038.469875
360771.862779	4066038.665547
360771.840516	4066038.86077
360771.808451	4066039.057877
360771.778499	4066039.254634
360771.754081	4066039.451603
360771.729533	4066039.649697
360771.70489	4066039.845956
360771.680136	4066040.042657
360771.655273	4066040.239986
360771.63051	4066040.437859
360771.60622	4066040.632993
360771.581971	4066040.828715
360771.557663	4066041.025414
360771.533209	4066041.222152
360771.508711	4066041.418804
360771.484353	4066041.614733
360771.459809	4066041.812524
360771.435291	4066042.010924
360771.411004	4066042.207383
360771.386385	4066042.405803
360771.361885	4066042.602756
360771.337428	4066042.798312
360771.313013	4066042.994616
360771.288682	4066043.192509
360771.264645	4066043.388895
360771.2407	4066043.58543
360771.216662	4066043.78163
360771.192389	4066043.97798
360771.168334	4066044.174233
360771.144529	4066044.370394
360771.12073	4066044.566426
360771.096904	4066044.762334
360771.071849	4066044.957457
360771.046883	4066045.152927
360771.029857	4066045.351798
360771.015261	4066045.55084
360770.987978	4066045.746718
360770.952377	4066045.940803
360770.927343	4066046.136567
360770.905563	4066046.334768
360770.882315	4066046.530243
360770.858334	4066046.728779
360770.83484	4066046.924119
360770.811074	4066047.121936
360770.78752	4066047.318782
360770.763953	4066047.515358
360770.739619	4066047.711923
360770.717448	4066047.908351
360770.698712	4066048.105374
360770.680736	4066048.301634
360770.663816	4066048.497139
360770.641159	4066048.69444
360770.606577	4066048.887541
360770.575995	4066049.083989
360770.553109	4066049.28083
360770.530448	4066049.47701
360770.507383	4066049.673439
360770.484637	4066049.868233
360770.461772	4066050.065166
360770.438739	4066050.263783
360770.415919	4066050.460664
360770.392317	4066050.657566
360770.368887	4066050.85361
360770.350547	4066051.048884
360770.334034	4066051.245982
360770.310638	4066051.443605
360770.282846	4066051.639387
360770.258192	4066051.835008
360770.23476	4066052.03117
360770.212025	4066052.227759
360770.189743	4066052.425188
360770.167697	4066052.620639
360770.145519	4066052.81858
360770.123487	4066053.016791
360770.101722	4066053.213377
360770.080129	4066053.408286
360770.058445	4066053.60415
360770.036834	4066053.799413
360770.01526	4066053.994601
360769.993755	4066054.189789
360769.972289	4066054.384852
360769.950788	4066054.579917
360769.92896	4066054.778166
360769.907417	4066054.974765
360769.885703	4066055.173342
360769.864278	4066055.368879
360769.842674	4066055.566818
360769.821246	4066055.764955
360769.800002	4066055.962743
360769.778992	4066056.159859
360769.757963	4066056.357575
360769.737172	4066056.553021
360769.716044	4066056.751531
360769.695029	4066056.948808
360769.673952	4066057.144873
360769.652256	4066057.343136
360769.63384	4066057.54087
360769.61811	4066057.738044
360769.598821	4066057.933333
360769.575485	4066058.130334
360769.552163	4066058.325641
360769.528324	4066058.523413
360769.506569	4066058.721008
360769.486248	4066058.918485
360769.46553	4066059.117325
360769.445108	4066059.312602
360769.424144	4066059.510885
360769.403277	4066059.707171
360769.382572	4066059.903433
360769.361679	4066060.102107
360769.340894	4066060.299525
360769.319979	4066060.498375
360769.299183	4066060.696925
360769.27842	4066060.895161
360769.257655	4066061.092213
360769.236915	4066061.288471
360769.216212	4066061.484305
360769.195187	4066061.682995
360769.17448	4066061.8789
360769.153536	4066062.076038
360769.13251	4066062.271488
360769.11126	4066062.46799
360769.089833	4066062.666232
360769.068422	4066062.863341
360769.046952	4066063.058733
360769.02548	4066063.254117
360769.003566	4066063.451712
360768.982799	4066063.64807
360768.965025	4066063.843558
360768.945666	4066064.039768
360768.920255	4066064.236968
360768.89481	4066064.432821
360768.871808	4066064.630777
360768.84918	4066064.827202
360768.825996	4066065.025597
360768.802707	4066065.223384
360768.779532	4066065.418585
360768.756079	4066065.614016
360768.732166	4066065.810774
360768.707923	4066066.008943
360768.683535	4066066.206923
360768.659545	4066066.402766
360768.635453	4066066.601181
360768.611232	4066066.798855
360768.586885	4066066.995485
360768.562237	4066067.190626
360768.536791	4066067.388139
360768.514772	4066067.584963
360768.495686	4066067.781089
360768.470146	4066067.979012
360768.437671	4066068.175092
360768.408805	4066068.372572
360768.38285	4066068.567203
360768.35504	4066068.763826
360768.326771	4066068.959718
360768.303113	4066069.15728
360768.281583	4066069.354103
360768.252734	4066069.550172
360768.218196	4066069.743494
360768.184852	4066069.937954
360768.151692	4066070.132963
360768.118795	4066070.328641
360768.086097	4066070.524457
360768.054533	4066070.718213
360768.021481	4066070.91464
360767.979403	4066071.1083
360767.931763	4066071.302099
360767.890577	4066071.494404
360767.850231	4066071.690027
360767.807753	4066071.883906
360767.761835	4066072.077743
360767.707566	4066072.267677
360767.648055	4066072.456217
360767.589595	4066072.646828
360767.529619	4066072.837455
360767.466581	4066073.025897
360767.400328	4066073.213049
360767.329878	4066073.399545
360767.255559	4066073.584803
360767.177666	4066073.768412
360767.096079	4066073.949992
360767.010921	4066074.128582
360766.922001	4066074.30521
360766.829345	4066074.481449
360766.732454	4066074.654989
360766.630781	4066074.823116
360766.52425	4066074.98869
360766.412465	4066075.154221
360766.298111	4066075.314252
360766.179203	4066075.470805
360766.055872	4066075.624102
360765.928229	4066075.774077
360765.796565	4066075.920406
360765.661097	4066076.06297
360765.519586	4066076.203869
360765.376012	4066076.339108
360765.228975	4066076.469924
360765.076236	4066076.596341
360764.921243	4066076.720794
360764.769282	4066076.849158
360764.612337	4066076.969777
360764.44113	4066077.072035
360764.269096	4066077.167173
360764.097022	4066077.267274
360763.92324	4066077.363834
360763.747945	4066077.452109
360763.568559	4066077.537341
360763.389885	4066077.62161
360763.207747	4066077.696754
360763.019982	4066077.758033
360762.829065	4066077.813504
360762.637661	4066077.866723
360762.444102	4066077.913104
360762.251497	4066077.952175
360762.057732	4066077.983102
360761.859768	4066078.008245
360761.660887	4066078.023923
360761.464706	4066078.032903
360761.268103	4066078.036028
360761.07126	4066078.031358
360760.874732	4066078.022984
360760.679058	4066078.008697
360760.483564	4066077.991448
360760.28757	4066077.974878
360760.088601	4066077.955475
360759.8918	4066077.930734
360759.695521	4066077.903453
360759.49853	4066077.874949
360759.302811	4066077.845871
360759.106473	4066077.816567
360758.908922	4066077.786731
360758.711457	4066077.756356
360758.514111	4066077.72652
360758.318463	4066077.698316
360758.121968	4066077.668731
360757.927472	4066077.635834
360757.733156	4066077.606959
360757.535742	4066077.584906
360757.338847	4066077.560572
360757.142577	4066077.528888
360756.94644	4066077.49849
360756.750387	4066077.471317
360756.553875	4066077.447413
360756.356467	4066077.427531
360756.159879	4066077.405966
360755.964831	4066077.380638
360755.768915	4066077.354693
360755.571185	4066077.328447
360755.375353	4066077.30335
360755.178818	4066077.279449
360754.984167	4066077.255567
360754.786511	4066077.230877
360754.59082	4066077.206414
360754.394112	4066077.181816
360754.196005	4066077.157314
360753.999988	4066077.133366
360753.804223	4066077.109468
360753.608765	4066077.085618
360753.413702	4066077.06191
360753.215218	4066077.037881
360753.020155	4066077.014137
360752.824697	4066076.99023
360752.628424	4066076.966526
360752.431402	4066076.942959
360752.234651	4066076.918215
360752.038094	4066076.892527
360751.841202	4066076.868997
360751.644136	4066076.847064
360751.4486	4066076.82427
360751.250328	4066076.800414
360751.053826	4066076.777135
360750.8562	4066076.753955
360750.658267	4066076.730795
360750.46201	4066076.707926
360750.263883	4066076.685039
360750.067043	4066076.662478
360749.871726	4066076.64026
360749.675568	4066076.618147
360749.477989	4066076.596124
360749.279864	4066076.574426
360749.081368	4066076.553615
360748.882745	4066076.533254
360748.68417	4066076.512611
360748.486559	4066076.492155
360748.28896	4066076.471843
360748.090875	4066076.452333
360747.895341	4066076.434908
360747.69806	4066076.417863
360747.500542	4066076.400397
360747.302429	4066076.38335
360747.103602	4066076.367422
360746.904939	4066076.351445
360746.707425	4066076.334131
360746.50949	4066076.317958
360746.309952	4066076.304413
360746.110477	4066076.291436
360745.911917	4066076.278177
360745.713564	4066076.265252
360745.514505	4066076.252773
360745.317811	4066076.240776
360745.118395	4066076.228761
360744.921995	4066076.217773
360744.722927	4066076.207718
360744.526425	4066076.198221
360744.328701	4066076.188901
360744.130239	4066076.180161
360743.930795	4066076.172012
360743.733091	4066076.164465
360743.534289	4066076.157334
360743.337958	4066076.15091
360743.139607	4066076.144958
360742.940604	4066076.139787
360742.740893	4066076.135309
360742.542581	4066076.131324
360742.346075	4066076.127724
360742.147921	4066076.12465
360741.951585	4066076.121932
360741.753261	4066076.120819
360741.553289	4066076.120372
360741.355998	4066076.120525
360741.157602	4066076.12196
360740.958869	4066076.12381
360740.760416	4066076.126378
360740.562804	4066076.129616
360740.365848	4066076.133801
360740.166528	4066076.138763
360739.968705	4066076.14478
360739.769921	4066076.153662
360739.572645	4066076.164617
360739.375231	4066076.171588
360739.176039	4066076.177654
360738.978624	4066076.187056
360738.781566	4066076.198927
360738.582842	4066076.211626
360738.38448	4066076.225448
360738.1869	4066076.240249
360737.987944	4066076.256023
360737.791856	4066076.271982
360737.595007	4066076.288829
360737.399019	4066076.306443
360737.201427	4066076.3261
360737.003015	4066076.350398
360736.806698	4066076.3743
360736.60868	4066076.394506
360736.413691	4066076.415627
360736.215412	4066076.441192
360736.01845	4066076.468643
360735.823822	4066076.497217
360735.630015	4066076.527451
360735.436158	4066076.559692
360735.240133	4066076.59399
360735.046697	4066076.62941
360734.85374	4066076.666621
360734.660939	4066076.705856
360734.466952	4066076.747564
360734.275169	4066076.791294
360734.081817	4066076.836896
360733.889939	4066076.883008
360733.698502	4066076.93562
360733.509324	4066076.998038
360733.319535	4066077.054758
360733.128391	4066077.103936
360732.936792	4066077.159222
360732.748421	4066077.221011
360732.561195	4066077.2845
360732.375137	4066077.349721
360732.188696	4066077.418786
360732.005579	4066077.490484
360731.823055	4066077.564845
360731.641144	4066077.642066
360731.459852	4066077.722707
360731.279305	4066077.806832
360731.099535	4066077.892693
360730.921078	4066077.981583
360730.752076	4066078.082244
360730.586854	4066078.192699
360730.416393	4066078.290808
360730.239762	4066078.383889
360730.066781	4066078.477306
360729.893026	4066078.574299
360729.724161	4066078.680794
360729.56106	4066078.793009
360729.402907	4066078.909811
360729.244971	4066079.029695
360729.082522	4066079.141703
360728.918254	4066079.255211
360728.760498	4066079.375768
360728.604576	4066079.4998
360728.45094	4066079.624154
360728.298855	4066079.750136
360728.148483	4066079.877555
360727.997921	4066080.008108
360727.849911	4066080.13948
360727.703238	4066080.272554
360727.557637	4066080.407741
360727.414165	4066080.542733
360727.270823	4066080.677538
360727.12928	4066080.818214
360726.996449	4066080.964168
360726.85836	4066081.108723
360726.713218	4066081.244517
360726.572051	4066081.381684
360726.436477	4066081.523362
360726.301156	4066081.666463
360726.165151	4066081.810344
360726.029681	4066081.956574
360725.896171	4066082.105088
360725.76099	4066082.252321
360725.623141	4066082.396408
360725.494704	4066082.547202
360725.375443	4066082.705653
360725.237345	4066082.846758
360725.083521	4066082.971522
360724.950981	4066083.116092
360724.835938	4066083.275084
360724.698969	4066083.415297
360724.543806	4066083.539531
360724.399505	4066083.674044
360724.262909	4066083.816929
360724.123916	4066083.95943
360723.986182	4066084.099147
360723.846138	4066084.239579
360723.70638	4066084.37817
360723.564055	4066084.517524
360723.421714	4066084.655128
360723.278189	4066084.791975
360723.133554	4066084.928056
360722.987503	4066085.063796
360722.842905	4066085.196618
360722.696489	4066085.33001
360722.549112	4066085.462709
360722.400686	4066085.59368
360722.252279	4066085.722246
360722.100883	4066085.850947
360721.947505	4066085.979166
360721.793993	4066086.103354
360721.642015	4066086.228912
360721.499459	4066086.367591
360721.354146	4066086.500898
360721.186365	4066086.605045
360721.017979	4066086.70961
360720.873957	4066086.846081
360720.725775	4066086.978293
360720.55188	4066087.073236
360720.378357	4066087.16609
360720.215933	4066087.276319
360720.05213	4066087.388759
360719.885783	4066087.495891
360719.717692	4066087.601634
360719.549377	4066087.705681
360719.379486	4066087.808028
360719.208483	4066087.908298
360719.035584	4066088.00679
360718.861081	4066088.103297
360718.684956	4066088.197885
360718.51067	4066088.288864
360718.334618	4066088.377698
360718.156715	4066088.464404
360717.976993	4066088.548804
360717.794971	4066088.630548
360717.618398	4066088.717068
360717.445025	4066088.812079
360717.262755	4066088.88712
360717.074299	4066088.944463
360716.888931	4066089.008652
360716.702913	4066089.081411
360716.516829	4066089.149452
360716.331131	4066089.213344
360716.141523	4066089.2759
360715.951703	4066089.335942
360715.760364	4066089.392948
360715.570704	4066089.446758
360715.382177	4066089.506215
360715.195508	4066089.567562
360715.001701	4066089.610983
360714.807825	4066089.643864
360714.612518	4066089.683246
360714.420058	4066089.724877
360714.224398	4066089.762357
360714.029021	4066089.797461
360713.833794	4066089.835831
360713.638661	4066089.872231
360713.440333	4066089.896401
360713.244616	4066089.916409
360713.047954	4066089.940411
360712.849466	4066089.962727
360712.652052	4066089.977574
360712.45495	4066089.990303
360712.258604	4066090.004232
360712.062065	4066090.016932
360711.864266	4066090.027031
360711.665603	4066090.035261
360711.469297	4066090.041981
360711.269805	4066090.046813
360711.073353	4066090.04965
360710.875546	4066090.050922
360710.677658	4066090.049156
360710.479966	4066090.045912
360710.280793	4066090.041703
360710.08192	4066090.035659
360709.88509	4066090.026038
360709.688338	4066090.014211
360709.489693	4066090.00011
360709.292532	4066089.983909
360709.093584	4066089.964941
360708.898396	4066089.944294
360708.702308	4066089.921681
360708.506659	4066089.895986
360708.311863	4066089.865779
360708.11691	4066089.834329
360707.921217	4066089.802731
360707.72739	4066089.768595
360707.532506	4066089.730308
360707.337888	4066089.689296
360707.143177	4066089.645329
360706.952169	4066089.599886
360706.760983	4066089.552
360706.567848	4066089.50114
360706.376744	4066089.448149
360706.188003	4066089.393513
360705.997881	4066089.336037
360705.807754	4066089.276395
360705.617647	4066089.214471
360705.429186	4066089.150788
360705.24231	4066089.085255
360705.056605	4066089.017691
360704.872107	4066088.948091
360704.685695	4066088.877237
360704.501178	4066088.805615
360704.321917	4066088.722612
360704.146061	4066088.631339
360703.963677	4066088.554659
360703.777667	4066088.484562
360703.595825	4066088.403646
360703.419447	4066088.317463
360703.242273	4066088.230095
360703.065214	4066088.140615
360702.887928	4066088.050206
360702.713412	4066087.957442
360702.545525	4066087.852763
360702.378208	4066087.745079
360702.202562	4066087.653246
360702.026976	4066087.563351
360701.855474	4066087.463032
360701.686417	4066087.359049
360701.517183	4066087.252822
360701.349859	4066087.145204
360701.185514	4066087.037394
360701.020716	4066086.927208
360700.85786	4066086.815632
360700.695027	4066086.705183
360700.526402	4066086.598942
360700.371411	4066086.47891
360700.241531	4066086.330003
360700.089525	4066086.201684
360699.913262	4066086.115748
360699.742968	4066086.017581
360699.585101	4066085.896389
360699.44358	4066085.758434
360699.322662	4066085.600007
360699.174176	4066085.471659
360698.999868	4066085.381263
360698.834625	4066085.273042
360698.682416	4066085.144599
360698.538082	4066085.008325
360698.40057	4066084.864642
360698.253187	4066084.730308
360698.099957	4066084.602908
360697.954654	4066084.469
360697.813352	4066084.330731
360697.672203	4066084.189629
360697.534705	4066084.048515
360697.397022	4066083.904148
360697.260804	4066083.758047
360697.126638	4066083.611075
360696.99458	4066083.463026
360696.863962	4066083.31261
360696.735433	4066083.16076
360696.609849	4066083.008796
360696.484906	4066082.853787
360696.361567	4066082.696577
360696.240055	4066082.538056
360696.120281	4066082.379634
360696.003896	4066082.21949
360695.893454	4066082.055735
360695.782988	4066081.891917
360695.668049	4066081.730857
360695.554066	4066081.568507
360695.443522	4066081.402444
360695.33464	4066081.235514
360695.226247	4066081.068928
360695.121658	4066080.901686
360695.022056	4066080.729101
360694.920201	4066080.559904
360694.809329	4066080.394868
360694.701403	4066080.228136
360694.600381	4066080.059245
360694.498574	4066079.890256
360694.39527	4066079.72269
360694.291495	4066079.555827
360694.185321	4066079.386524
360694.078738	4066079.217374
360693.973749	4066079.051088
360693.866695	4066078.884044
360693.757189	4066078.717992
360693.651397	4066078.548941
360693.553202	4066078.377666
360693.445824	4066078.209305
360693.328059	4066078.048995
360693.208323	4066077.889092
360693.089353	4066077.732262
360692.972281	4066077.573254
360692.857292	4066077.411885
360692.740061	4066077.251371
360692.620481	4066077.091759
360692.504959	4066076.9307
360692.393211	4066076.768313
360692.27281	4066076.613047
360692.143736	4066076.464135
360692.016892	4066076.311509
360691.891884	4066076.155758
360691.768403	4066076.002825
360691.643982	4066075.849395
360691.518247	4066075.695574
360691.393395	4066075.542989
360691.274268	4066075.386936
360691.153745	4066075.227621
360691.014233	4066075.084848
360690.867045	4066074.950984
360690.740182	4066074.800716
360690.616661	4066074.643799
360690.476479	4066074.504829
360690.332176	4066074.370961
360690.193015	4066074.227606
360690.057294	4066074.085629
360689.918407	4066073.946394
360689.77844	4066073.807377
360689.638772	4066073.664989
360689.498044	4066073.526298
360689.349851	4066073.395134
360689.199191	4066073.264425
360689.050808	4066073.130354
360688.903915	4066072.998942
360688.753669	4066072.868299
360688.602456	4066072.739675
360688.450341	4066072.613214
360688.29674	4066072.488145
360688.140888	4066072.363832
360687.984725	4066072.241432
360687.826761	4066072.119252
360687.669519	4066072.000797
360687.508094	4066071.883136
360687.345729	4066071.767231
360687.183471	4066071.653143
360687.02034	4066071.541667
360686.856187	4066071.433247
360686.691015	4066071.326418
360686.52507	4066071.220773
360686.356622	4066071.116534
360686.188221	4066071.015291
360686.015555	4066070.915547
360685.84262	4066070.820093
360685.668439	4066070.726644
360685.492908	4066070.634743
360685.315587	4066070.544649
360685.139521	4066070.458267
360684.960573	4066070.369901
360684.782999	4066070.27951
360684.601517	4066070.197086
360684.416082	4066070.124739
360684.230909	4066070.050972
360684.049358	4066069.976049
360683.865058	4066069.902923
360683.67835	4066069.831944
360683.492922	4066069.764287
360683.305102	4066069.698461
360683.116682	4066069.634681
360682.927666	4066069.572859
360682.738604	4066069.513389
360682.549484	4066069.456143
360682.360557	4066069.401547
360682.167988	4066069.34829
360681.976968	4066069.295399
360681.787854	4066069.24354
360681.594462	4066069.196527
360681.400626	4066069.153979
360681.20823	4066069.111015
360681.013107	4066069.067312
360680.820485	4066069.025756
360680.627014	4066068.985369
360680.433781	4066068.946317
360680.240645	4066068.908445
360680.047457	4066068.871288
360679.854328	4066068.834986
360679.658279	4066068.799432
360679.462406	4066068.765051
360679.267991	4066068.731902
360679.072385	4066068.699412
360678.87779	4066068.668014
360678.683519	4066068.636817
360678.488985	4066068.602152
360678.294087	4066068.567515
360678.097939	4066068.540712
360677.901395	4066068.516687
360677.706345	4066068.489913
360677.511588	4066068.462255
360677.31526	4066068.435061
360677.118391	4066068.408071
360676.922191	4066068.381472
360676.726159	4066068.35507
360676.529875	4066068.328652
360676.333658	4066068.302185
360676.138098	4066068.275538
360675.942408	4066068.248707
360675.745471	4066068.221634
360675.548033	4066068.194331
360675.350733	4066068.16678
360675.153237	4066068.139025
360674.958957	4066068.111613
360674.761047	4066068.083584
360674.564322	4066068.05564
360674.368591	4066068.027776
360674.174348	4066068.000077
360673.976591	4066067.971874
360673.781454	4066067.94404
360673.586795	4066067.916433
360673.390633	4066067.889607
360673.193707	4066067.861112
360672.997408	4066067.82649
360672.800998	4066067.796395
360672.602477	4066067.776405
360672.407016	4066067.756079
360672.209622	4066067.729934
360672.011763	4066067.703149
360671.81387	4066067.67751
360671.615862	4066067.651761
360671.4214	4066067.626113
360671.22402	4066067.600142
360671.028564	4066067.574677
360670.832552	4066067.54899
360670.634825	4066067.522756
360670.437757	4066067.496581
360670.242446	4066067.470718
360670.045861	4066067.444532
360669.85068	4066067.418373
360669.65603	4066067.391859
360669.458978	4066067.364406
360669.26183	4066067.336822
360669.063923	4066067.309226
360668.867541	4066067.281336
360668.669988	4066067.252427
360668.474471	4066067.224424
360668.279729	4066067.197696
360668.082621	4066067.169169
360667.888132	4066067.13875
360667.693162	4066067.108128
360667.497138	4066067.078053
360667.301581	4066067.042892
360667.10669	4066066.99925
360666.911941	4066066.964519
360666.717133	4066066.939573
360666.520689	4066066.908553
360666.326853	4066066.868803
360666.134073	4066066.828731
360665.938347	4066066.787778
360665.746448	4066066.746626
360665.554543	4066066.704479
360665.360538	4066066.658444
360665.168327	4066066.60895
360664.977723	4066066.560014
360664.785008	4066066.510739
360664.594902	4066066.459486
360664.403749	4066066.405181
360664.215371	4066066.349337
360664.02614	4066066.290761
360663.836475	4066066.229558
360663.649929	4066066.166696
360663.463592	4066066.09954
360663.27758	4066066.028058
360663.092366	4066065.956559
360662.907957	4066065.884587
360662.724691	4066065.808707
360662.542591	4066065.729086
360662.361629	4066065.647896
360662.18244	4066065.564711
360662.005737	4066065.473355
360661.831891	4066065.376833
360661.653358	4066065.288569
360661.474691	4066065.20316
360661.302194	4066065.109842
360661.131183	4066065.010486
360660.961886	4066064.909394
360660.794005	4066064.805275
360660.626822	4066064.697479
360660.461108	4066064.586504
360660.297183	4066064.473385
360660.136872	4066064.357572
360659.982085	4066064.235629
360659.827574	4066064.109276
360659.672571	4066063.987152
360659.518537	4066063.861843
360659.370791	4066063.730983
360659.225749	4066063.595101
360659.083163	4066063.45535
360658.944252	4066063.311682
360658.809687	4066063.164288
360658.679575	4066063.013365
360658.554022	4066062.859091
360658.433054	4066062.701369
360658.316245	4066062.539901
360658.204899	4066062.375579
360658.099471	4066062.209067
360657.999515	4066062.039445
360657.904719	4066061.866153
360657.814929	4066061.689837
360657.729577	4066061.510656
360657.649606	4066061.328605
360657.574717	4066061.14336
360657.50583	4066060.956359
360657.442217	4066060.768099
360657.386227	4066060.578626
360657.338394	4066060.38805
360657.2935	4066060.196299
360657.248872	4066060.003504
360657.211582	4066059.80876
360657.181309	4066059.611247
360657.157838	4066059.414403
360657.138829	4066059.215666
360657.126358	4066059.019298
360657.117121	4066058.82073
360657.114898	4066058.621432
360657.115523	4066058.425267
360657.117083	4066058.226483
360657.122864	4066058.029575
360657.132369	4066057.83234
360657.150018	4066057.634382
360657.168138	4066057.437237
360657.185418	4066057.241237
360657.20645	4066057.043944
360657.232566	4066056.84884
360657.256871	4066056.651179
360657.277915	4066056.455255
360657.302924	4066056.258724
360657.333601	4066056.061362
360657.361808	4066055.86476
360657.387242	4066055.66906
360657.412807	4066055.472131
360657.438607	4066055.273867
360657.46268	4066055.075664
360657.485098	4066054.877535
360657.509785	4066054.68289
360657.537385	4066054.48781
360657.563123	4066054.289663
360657.586872	4066054.09273
360657.610643	4066053.896895
360657.634357	4066053.701725
360657.657954	4066053.504784
360657.681533	4066053.306379
360657.705937	4066053.111282
360657.731107	4066052.915835
360657.752987	4066052.719188
360657.772964	4066052.520873
360657.797998	4066052.326032
360657.827479	4066052.131066
360657.854754	4066051.935646
360657.880257	4066051.740003
360657.900894	4066051.541584
360657.919248	4066051.343591
360657.944492	4066051.147547
360657.974174	4066050.950675
360657.999309	4066050.755174
360658.022987	4066050.556882
360658.04672	4066050.360375
360658.070355	4066050.164279
360658.093966	4066049.969521
360658.117824	4066049.773216
360658.141918	4066049.575119
360658.166061	4066049.376761
360658.190325	4066049.181262
360658.214115	4066048.982807
360658.233917	4066048.786262
360658.253939	4066048.590984
360658.280867	4066048.39439
360658.308875	4066048.197994
360658.333048	4066047.999546
360658.356528	4066047.800943
360658.379987	4066047.605973
360658.403652	4066047.409317
360658.427055	4066047.214602
360658.450608	4066047.019343
360658.474592	4066046.82192
360658.498276	4066046.626955
360658.521936	4066046.431789
360658.54597	4066046.233288
360658.569508	4066046.038511
360658.593462	4066045.840596
360658.617215	4066045.643938
360658.642181	4066045.446863
360658.668948	4066045.2504
360658.690569	4066045.053947
360658.707763	4066044.85703
360658.724801	4066044.658926
360658.741901	4066044.459791
360658.76928	4066044.265003
360658.809111	4066044.071168
360658.837403	4066043.875013
360658.859654	4066043.67884
360658.883992	4066043.480714
360658.908432	4066043.285294
360658.932819	4066043.089159
360658.957369	4066042.892374
360658.982192	4066042.69514
360659.007212	4066042.496968
360659.031934	4066042.301073
360659.056832	4066042.105333
360659.081872	4066041.910643
360659.107403	4066041.712429
360659.132579	4066041.51705
360659.157937	4066041.319819
360659.183322	4066041.121872
360659.208412	4066040.926733
360659.233547	4066040.731697
360659.258682	4066040.536844
360659.283889	4066040.341863
360659.309364	4066040.146876
360659.335005	4066039.951869
360659.360482	4066039.756887
360659.385948	4066039.562
360659.411697	4066039.367449
360659.438103	4066039.16941
360659.464548	4066038.971546
360659.491029	4066038.773887
360659.517453	4066038.57611
360659.54401	4066038.37938
360659.572162	4066038.18266
360659.597463	4066037.985811
360659.616899	4066037.790635
360659.639431	4066037.592766
360659.670052	4066037.396408
360659.70076	4066037.19985
360659.729986	4066037.003725
360659.757776	4066036.807015
360659.784049	4066036.609964
360659.810563	4066036.412658
360659.83734	4066036.215129
360659.864123	4066036.017435
360659.890885	4066035.81983
360659.917584	4066035.622514
360659.944247	4066035.425474
360659.970934	4066035.228691
360659.99764	4066035.032178
360660.024332	4066034.836133
360660.051181	4066034.639922
360660.078464	4066034.444042
360660.104918	4066034.247643
360660.129996	4066034.050949
360660.154599	4066033.852971
360660.178248	4066033.655065
360660.205871	4066033.458822
360660.238187	4066033.263353
360660.267043	4066033.06549
360660.293032	4066032.870366
360660.319569	4066032.675172
360660.346214	4066032.480562
360660.373078	4066032.284404
360660.399891	4066032.088796
360660.426786	4066031.892678
360660.453958	4066031.695168
360660.481661	4066031.497944
360660.509087	4066031.300251
360660.535178	4066031.10249
360660.559175	4066030.906331
360660.5782	4066030.708474
360660.598681	4066030.511973
360660.63469	4066030.31575
360660.672048	4066030.123017
360660.700934	4066029.927769
360660.72642	4066029.733188
360660.750282	4066029.535995
360660.770771	4066029.337924
360660.78652	4066029.142065
360660.804271	4066028.943465
360660.825702	4066028.748107
360660.851891	4066028.552288
360660.88636	4066028.355381
360660.921193	4066028.158445
360660.954912	4066027.96414
360660.981737	4066027.769034
360661.001961	4066027.572827
360661.029724	4066027.378178
360661.067537	4066027.185211
360661.097371	4066026.989453
360661.121888	4066026.794653
360661.148059	4066026.598554
360661.174701	4066026.402736
360661.201132	4066026.206113
360661.227244	4066026.010778
360661.253675	4066025.813215
360661.279864	4066025.617695
360661.306387	4066025.420642
360661.332791	4066025.22467
360661.359072	4066025.029265
360661.385456	4066024.833025
360661.411808	4066024.636977
360661.438189	4066024.440702
360661.464616	4066024.244178
360661.490969	4066024.047565
360661.517235	4066023.850877
360661.543399	4066023.654242
360661.56946	4066023.45767
360661.595266	4066023.26169
360661.62091	4066023.065831
360661.646718	4066022.869318
360661.672415	4066022.674022
360661.698219	4066022.478431
360661.724159	4066022.281747
360661.749844	4066022.084291
360661.775115	4066021.889084
360661.800827	4066021.692814
360661.826341	4066021.497881
360661.851859	4066021.300892
360661.877131	4066021.104618
360661.902317	4066020.907809
360661.92727	4066020.712156
360661.952127	4066020.51617
360661.977657	4066020.320469
360662.004296	4066020.125053
360662.026432	4066019.926334
360662.044806	4066019.727934
360662.065629	4066019.530213
360662.089331	4066019.332328
360662.120656	4066019.135889
360662.153854	4066018.939849
360662.17888	4066018.744293
360662.202255	4066018.546487
360662.226602	4066018.350774
360662.251336	4066018.152691
360662.275577	4066017.957873
360662.299851	4066017.7628
360662.324519	4066017.56486
360662.348948	4066017.368793
360662.373182	4066017.174148
360662.397423	4066016.979053
360662.42197	4066016.78083
360662.446433	4066016.582905
360662.470837	4066016.38528
360662.495133	4066016.187964
360662.519255	4066015.990965
360662.543389	4066015.794257
360662.567704	4066015.597575
360662.591833	4066015.402022
360662.616112	4066015.204909
360662.640135	4066015.006987
360662.664336	4066014.809864
360662.684754	4066014.612448
360662.699579	4066014.413613
360662.720323	4066014.216746
360662.753218	4066014.021589
360662.781577	4066013.825319
360662.805644	4066013.628052
360662.829192	4066013.431057
360662.852229	4066013.234152
360662.876349	4066013.037576
360662.900259	4066012.841281
360662.916031	4066012.645254
360662.929265	4066012.445732
360662.955155	4066012.250266
360662.989733	4066012.055031
360663.014626	4066011.859956
360663.036496	4066011.664865
360663.058763	4066011.469449
360663.080845	4066011.273532
360663.103	4066011.075812
360663.125373	4066010.879046
360663.149469	4066010.683918
360663.17213	4066010.488521
360663.189524	4066010.291527
360663.209662	4066010.095439
360663.24194	4066009.899842
360663.271951	4066009.705036
360663.294967	4066009.506425
360663.317931	4066009.308104
360663.341825	4066009.110073
360663.365712	4066008.912327
360663.389575	4066008.714864
360663.413398	4066008.51815
360663.437278	4066008.321372
360663.461311	4066008.123669
360663.485249	4066007.927004
360663.509217	4066007.730361
360663.533089	4066007.534222
360663.556786	4066007.337957
360663.580288	4066007.142287
360663.603933	4066006.94443
360663.627499	4066006.747206
360663.650971	4066006.551889
360663.674655	4066006.354905
360663.698162	4066006.158992
360663.721597	4066005.963256
360663.744905	4066005.767789
360663.768158	4066005.572567
360663.791387	4066005.377601
360663.814646	4066005.182884
360663.838066	4066004.988171
360663.861931	4066004.790281
360663.885608	4066004.593797
360663.909099	4066004.398766
360663.932839	4066004.201241
360663.956692	4066004.002825
360663.980359	4066003.806576
360664.004228	4066003.609618
360664.029861	4066003.412623
360664.048463	4066003.216167
360664.058642	4066003.019585
360664.075847	4066002.822934
360664.115675	4066002.63089
360664.149865	4066002.435256
360664.172243	4066002.239876
360664.194618	4066002.044747
360664.218368	4066001.849865
360664.242642	4066001.651535
360664.266884	4066001.453782
360664.290957	4066001.258219
360664.315504	4066001.060586
360664.3383	4066000.864209
360664.359367	4066000.669065
360664.37873	4066000.473022
360664.3965	4066000.276632
360664.423278	4066000.079119
360664.45785	4065999.885308
360664.484096	4065999.690353
360664.506503	4065999.494396
360664.531392	4065999.299146
360664.555976	4065999.104293
360664.574331	4065998.906094
360664.59083	4065998.708283
360664.61059	4065998.510835
360664.633893	4065998.31377
360664.666273	4065998.118348
360664.698561	4065997.924121
360664.7227	4065997.729537
360664.746345	4065997.531753
360664.773478	4065997.336936
360664.796806	4065997.140851
360664.811743	4065996.942879
360664.829956	4065996.747392
360664.859204	4065996.55271
360664.889194	4065996.355368
360664.917153	4065996.160497
360664.942266	4065995.964453
360664.964552	4065995.766171
360664.987981	4065995.568571
360665.012766	4065995.372395
360665.039568	4065995.175786
360665.06826	4065994.979183
360665.095029	4065994.783415
360665.12031	4065994.588154
360665.145955	4065994.391615
360665.17184	4065994.193996
360665.197738	4065993.996202
360665.223676	4065993.798383
360665.249727	4065993.602712
360665.276469	4065993.404854
360665.303354	4065993.210118
360665.330856	4065993.015095
360665.359061	4065992.820339
360665.387881	4065992.626055
360665.417346	4065992.430088
360665.447107	4065992.235482
360665.477669	4065992.040549
360665.508944	4065991.845064
360665.540339	4065991.650624
360665.572307	4065991.455497
360665.60509	4065991.25988
360665.63826	4065991.065881
360665.672016	4065990.872005
360665.706307	4065990.678697
360665.741672	4065990.483159
360665.77788	4065990.286471
360665.814101	4065990.093149
360665.851005	4065989.898427
360665.888184	4065989.703321
360665.925759	4065989.508571
360665.963683	4065989.315053
360666.002068	4065989.122256
360666.040939	4065988.929907
360666.081223	4065988.734875
360666.122218	4065988.54146
360666.164132	4065988.348612
360666.207102	4065988.155973
360666.251059	4065987.963588
360666.296016	4065987.771677
360666.341995	4065987.578612
360666.388021	4065987.387697
360666.435772	4065987.195958
360666.485522	4065987.003416
360666.536859	4065986.81042
360666.588819	4065986.620531
360666.642759	4065986.429196
360666.698498	4065986.237265
360666.755811	4065986.04814
360666.816236	4065985.8575
360666.877616	4065985.669645
360666.940949	4065985.48134
360667.007773	4065985.293386
360667.077055	4065985.109293
360667.150222	4065984.925353
360667.227563	4065984.741612
360667.307704	4065984.561193
360667.392597	4065984.380436
360667.481062	4065984.203952
360667.574947	4065984.028443
360667.673278	4065983.855213
360667.776463	4065983.684248
360667.884772	4065983.516564
360667.998515	4065983.352085
360668.117713	4065983.19155
360668.239817	4065983.037906
360668.366076	4065982.886078
360668.497682	4065982.73588
360668.634437	4065982.591873
360668.775047	4065982.454098
360668.920495	4065982.318265
360669.068843	4065982.186886
360669.221827	4065982.060233
360669.378189	4065981.93819
360669.537144	4065981.817321
360669.695686	4065981.701505
360669.859074	4065981.591078
360670.025954	4065981.483966
360670.193723	4065981.376444
360670.363883	4065981.271489
360670.537068	4065981.172449
360670.710972	4065981.078274
360670.887396	4065980.988972
360671.06557	4065980.899133
360671.236625	4065980.802599
360671.411263	4065980.712834
360671.594724	4065980.638729
360671.783472	4065980.572919
360671.972945	4065980.517073
360672.164344	4065980.459944
360672.350713	4065980.390412
360672.539495	4065980.333356
360672.732643	4065980.29775
360672.928467	4065980.263859
360673.121988	4065980.226286
360673.316104	4065980.192224
360673.510619	4065980.163934
360673.707644	4065980.137105
360673.905553	4065980.109403
360674.103515	4065980.087474
360674.30215	4065980.072134
360674.499373	4065980.058653
360674.696474	4065980.0456
360674.892615	4065980.0351
360675.090292	4065980.026868
360675.287029	4065980.020318
360675.486657	4065980.014725
360675.686546	4065980.010969
360675.882968	4065980.00828
360676.081043	4065980.007706
360676.2773	4065980.008676
360676.473772	4065980.010371
360676.670158	4065980.01394
360676.86688	4065980.018144
360677.064213	4065980.022768
360677.260517	4065980.028399
360677.459221	4065980.035763
360677.657249	4065980.043916
360677.854467	4065980.052774
360678.052991	4065980.06235
360678.249975	4065980.072563
360678.447824	4065980.083179
360678.644945	4065980.093917
360678.842151	4065980.106332
360679.03992	4065980.121324
360679.235649	4065980.133877
360679.433455	4065980.144073
360679.629627	4065980.155954
360679.827714	4065980.170372
360680.026632	4065980.186277
360680.222551	4065980.203522
360680.420183	4065980.222596
360680.616038	4065980.243053
360680.811893	4065980.259935
360681.010868	4065980.274714
360681.209445	4065980.292326
360681.407583	4065980.312601
360681.605611	4065980.334562
360681.80108	4065980.357591
360681.997267	4065980.378114
360682.19615	4065980.397638
360682.393341	4065980.418969
360682.589474	4065980.44149
360682.787966	4065980.464295
360682.985722	4065980.487228
360683.181219	4065980.510101
360683.377729	4065980.53328
360683.575685	4065980.556274
360683.77362	4065980.579994
360683.971129	4065980.609078
360684.166831	4065980.638337
360684.36428	4065980.658336
360684.561757	4065980.676473
360684.757422	4065980.699273
360684.953061	4065980.723612
360685.149924	4065980.74729
360685.34483	4065980.770739
360685.540449	4065980.79437
360685.738586	4065980.818369
360685.936401	4065980.842328
360686.13363	4065980.866447
360686.330587	4065980.891018
360686.528644	4065980.915715
360686.72389	4065980.939424
360686.918585	4065980.964597
360687.116173	4065980.994051
360687.311338	4065981.019915
360687.510095	4065981.040595
360687.707011	4065981.062733
360687.902926	4065981.087855
360688.097994	4065981.112863
360688.296357	4065981.138083
360688.492165	4065981.16291
360688.688759	4065981.187686
360688.883781	4065981.215314
360689.081125	4065981.246701
360689.278562	4065981.271494
360689.476046	4065981.291094
360689.673377	4065981.314101
360689.871025	4065981.340676
360690.06703	4065981.366378
360690.263295	4065981.391778
360690.461512	4065981.417462
360690.65916	4065981.443083
360690.854203	4065981.468323
360691.049217	4065981.49354
360691.244913	4065981.518493
360691.439607	4065981.543883
360691.634144	4065981.573639
360691.83073	4065981.604544
360692.025655	4065981.630279
360692.223833	4065981.653872
360692.419844	4065981.674427
360692.617928	4065981.695512
360692.81332	4065981.721078
360693.010955	4065981.747336
360693.206193	4065981.769965
360693.403003	4065981.79726
360693.596574	4065981.839548
360693.792381	4065981.869337
360693.989643	4065981.883232
360694.187937	4065981.900123
360694.383326	4065981.923821
360694.579207	4065981.948409
360694.774375	4065981.97283
360694.971857	4065982.002534
360695.168268	4065982.038029
360695.365305	4065982.062519
360695.563047	4065982.079838
360695.759429	4065982.101398
360695.957396	4065982.12702
360696.154982	4065982.150603
360696.350709	4065982.173751
360696.545043	4065982.209598
360696.738019	4065982.251753
360696.933062	4065982.276509
360697.130722	4065982.295013
360697.328565	4065982.311495
360697.525187	4065982.328139
360697.722758	4065982.352159
360697.920678	4065982.379489
360698.117864	4065982.405056
360698.312334	4065982.430207
360698.50768	4065982.455526
360698.705344	4065982.481218
360698.900606	4065982.506793
360699.098805	4065982.532772
360699.294089	4065982.558253
360699.491827	4065982.583944
360699.686842	4065982.609086
360699.883511	4065982.634479
360700.078912	4065982.659897
360700.273829	4065982.68522
360700.469122	4065982.710452
360700.666499	4065982.735935
360700.864315	4065982.760895
360701.061219	4065982.78921
360701.25639	4065982.82458
360701.452087	4065982.852486
360701.650619	4065982.871078
360701.848396	4065982.894126
360702.0424	4065982.923832
360702.239371	4065982.951193
360702.435383	4065982.975567
360702.633294	4065982.998514
360702.828912	4065983.019855
360703.026097	4065983.044087
360703.222705	4065983.070695
360703.420173	4065983.09669
360703.615328	4065983.122082
360703.811611	4065983.147226
360704.007836	4065983.17247
360704.204318	4065983.201324
360704.398453	4065983.23142
360704.594354	4065983.256189
360704.78986	4065983.278917
360704.984932	4065983.303888
360705.180053	4065983.329087
360705.37733	4065983.35213
360705.572822	4065983.374441
360705.770483	4065983.398658
360705.967444	4065983.423137
360706.163315	4065983.446666
360706.358991	4065983.469554
360706.555592	4065983.49182
360706.752946	4065983.51327
360706.951774	4065983.53382
360707.150554	4065983.553091
360707.347172	4065983.570563
360707.543512	4065983.586701
360707.741517	4065983.601794
360707.93911	4065983.615694
360708.137722	4065983.628733
360708.336842	4065983.64027
360708.535672	4065983.650039
360708.734405	4065983.65835
360708.930611	4065983.666579
360709.126894	4065983.670433
360709.324148	4065983.670703
360709.522938	4065983.670722
360709.7205	4065983.667744
360709.918212	4065983.662592
360710.115006	4065983.655043
360710.314508	4065983.644662
360710.511919	4065983.63052
360710.708843	4065983.614422
360710.906153	4065983.598031
360711.103161	4065983.579641
360711.299279	4065983.558187
360711.496282	4065983.53398
360711.692005	4065983.50698
360711.886021	4065983.47781
360712.079849	4065983.446386
360712.27607	4065983.411872
360712.47128	4065983.374272
360712.663727	4065983.33512
360712.85922	4065983.294131
360713.050834	4065983.249287
360713.242387	4065983.196045
360713.43287	4065983.145957
360713.624825	4065983.10171
360713.816117	4065983.05282
360714.006021	4065982.99658
360714.194689	4065982.938398
360714.382318	4065982.879059
360714.569636	4065982.81425
360714.755798	4065982.742722
360714.941027	4065982.672681
360715.125529	4065982.604372
360715.308074	4065982.531546
360715.488699	4065982.453939
360715.672008	4065982.374429
360715.85419	4065982.294036
360716.029414	4065982.204244
360716.199731	4065982.106488
360716.3765	4065982.019449
360716.555714	4065981.938782
360716.730801	4065981.846439
360716.902027	4065981.744784
360717.070886	4065981.640856
360717.237531	4065981.534171
360717.402671	4065981.427554
360717.568063	4065981.318402
360717.731194	4065981.20479
360717.890498	4065981.089209
360718.049509	4065980.971862
360718.208698	4065980.851046
360718.366102	4065980.727921
360718.519239	4065980.59996
360718.656769	4065980.458152
360718.792325	4065980.313415
360718.946848	4065980.191985
360719.10502	4065980.074829
360719.248318	4065979.937886
360719.383198	4065979.795073
360719.52023	4065979.65287
360719.653616	4065979.50639
360719.774295	4065979.350032
360719.892698	4065979.192295
360720.02421	4065979.045715
360720.15677	4065978.89967
360720.277588	4065978.743552
360720.391275	4065978.583329
360720.499859	4065978.419233
360720.607714	4065978.251096
360720.71928	4065978.085247
360720.826546	4065977.920825
360720.927547	4065977.751612
360721.02486	4065977.579912
360721.119686	4065977.406006
360721.212029	4065977.229224
360721.299884	4065977.053881
360721.385095	4065976.876948
360721.468547	4065976.697101
360721.549209	4065976.515304
360721.626143	4065976.333363
360721.699819	4065976.151027
360721.771043	4065975.966676
360721.839182	4065975.781913
360721.90454	4065975.596003
360721.967505	4065975.409115
360722.028307	4065975.221319
360722.087221	4065975.032037
360722.14448	4065974.840837
360722.1989	4065974.652175
360722.251912	4065974.46221
360722.302494	4065974.272233
360722.35121	4065974.079468
360722.397475	4065973.885927
360722.44048	4065973.694188
360722.482743	4065973.499259
360722.523856	4065973.306485
360722.563411	4065973.113519
360722.601521	4065972.919458
360722.637611	4065972.725158
360722.671942	4065972.530975
360722.702818	4065972.335965
360722.728739	4065972.139207
360722.757322	4065971.944153
360722.793761	4065971.74872
360722.827533	4065971.552407
360722.855847	4065971.358091
360722.883738	4065971.162264
360722.912126	4065970.964684
360722.937728	4065970.7667
360722.959769	4065970.568365
360722.984614	4065970.371159
360723.014217	4065970.175464
360723.041577	4065969.979561
360723.065998	4065969.783282
360723.090054	4065969.586389
360723.113944	4065969.38862
360723.137454	4065969.193632
360723.161149	4065968.998148
360723.18185	4065968.800483
360723.199445	4065968.604276
360723.222478	4065968.406303
360723.251446	4065968.21052
360723.273287	4065968.014137
360723.289649	4065967.817149
360723.311861	4065967.618721
360723.339705	4065967.42301
360723.363778	4065967.22552
360723.385002	4065967.029337
360723.406722	4065966.832942
360723.428448	4065966.637682
360723.450037	4065966.440518
360723.471262	4065966.244501
360723.492826	4065966.047405
360723.514553	4065965.849742
360723.535841	4065965.652884
360723.556896	4065965.456748
360723.57872	4065965.258382
360723.600823	4065965.060824
360723.622839	4065964.865245
360723.645088	4065964.668528
360723.667267	4065964.470963
360723.689485	4065964.273156
360723.711825	4065964.077488
360723.734377	4065963.882406
360723.757556	4065963.684512
360723.781002	4065963.486123
360723.804436	4065963.287961
360723.827767	4065963.090836
360723.850937	4065962.894005
360723.874244	4065962.696612
360723.898053	4065962.498565
360723.92198	4065962.300525
360723.945578	4065962.103112
360723.968947	4065961.908143
360723.992844	4065961.711998
360724.01679	4065961.516214
360724.040988	4065961.319209
360724.064444	4065961.123673
360724.086133	4065960.925506
360724.108207	4065960.727711
360724.133441	4065960.532476
360724.159258	4065960.33467
360724.182873	4065960.137848
360724.206036	4065959.942239
360724.229569	4065959.746361
360724.252857	4065959.55099
360724.2761	4065959.352473
360724.299117	4065959.155278
360724.322086	4065958.958834
360724.345171	4065958.762148
360724.368503	4065958.56476
360724.391857	4065958.366776
360724.414949	4065958.171845
360724.437001	4065957.973401
360724.456905	4065957.77545
360724.479395	4065957.578161
360724.505759	4065957.381691
360724.530222	4065957.184012
360724.552149	4065956.988839
360724.574555	4065956.792175
360724.597477	4065956.593996
360724.62047	4065956.397575
360724.643996	4065956.198998
360724.667409	4065956.001434
360724.690675	4065955.805272
360724.713919	4065955.609733
360724.73716	4065955.414726
360724.761099	4065955.217328
360724.785267	4065955.021372
360724.809585	4065954.825928
360724.83408	4065954.630918
360724.859241	4065954.433871
360724.88452	4065954.239076
360724.910413	4065954.042932
360724.936984	4065953.845181
360724.964022	4065953.647932
360724.991557	4065953.451311
360725.019878	4065953.255372
360725.049002	4065953.060167
360725.079501	4065952.863068
360725.111163	4065952.665932
360725.143854	4065952.470159
360725.177545	4065952.27549
360725.213443	4065952.078968
360725.249225	4065951.883402
360725.278964	4065951.68884
360725.309493	4065951.491581
360725.353479	4065951.300082
360725.404438	4065951.108837
360725.449947	4065950.914302
360725.495248	4065950.719552
360725.54369	4065950.528775
360725.593644	4065950.339067
360725.642445	4065950.146812
360725.694576	4065949.955761
360725.759399	4065949.766876
360725.829672	4065949.579966
360725.897048	4065949.395289
360725.967551	4065949.211754
360726.044253	4065949.031028
360726.125675	4065948.851701
360726.211429	4065948.67244
360726.301569	4065948.495539
360726.396101	4065948.322491
360726.495022	4065948.152451
360726.598514	4065947.985086
360726.706256	4065947.820819
360726.820049	4065947.657055
360726.936912	4065947.498532
360727.058009	4065947.343684
360727.183378	4065947.192458
360727.315213	4065947.044064
360727.449354	4065946.897519
360727.5805	4065946.751736
360727.720655	4065946.610812
360727.872898	4065946.483537
360728.028583	4065946.358972
360728.181172	4065946.234663
360728.337828	4065946.111382
360728.494758	4065945.993438
360728.654553	4065945.879344
360728.820279	4065945.769513
360728.985428	4065945.657931
360729.143279	4065945.541128
360729.310576	4065945.433435
360729.487799	4065945.341547
360729.663786	4065945.248318
360729.835513	4065945.151299
360730.008962	4065945.056516
360730.184788	4065944.964602
360730.362262	4065944.874598
360730.541437	4065944.786346
360730.721535	4065944.700503
360730.902452	4065944.617068
360731.084756	4065944.535458
360731.26492	4065944.45707
360731.445936	4065944.381353
360731.63154	4065944.306988
360731.81647	4065944.232891
360732.000771	4065944.158826
360732.18381	4065944.083239
360732.365091	4065944.00597
360732.554319	4065943.948131
360732.746711	4065943.904654
360732.936773	4065943.850474
360733.125419	4065943.78584
360733.316979	4065943.732509
360733.510787	4065943.686766
360733.70435	4065943.639492
360733.898225	4065943.592028
360734.090647	4065943.547983
360734.284765	4065943.505929
360734.479389	4065943.465656
360734.674482	4065943.427212
360734.869014	4065943.391068
360735.063428	4065943.356996
360735.25848	4065943.325121
360735.45426	4065943.295117
360735.651716	4065943.266416
360735.846352	4065943.239843
360736.040934	4065943.215558
360736.239479	4065943.192788
360736.437747	4065943.172123
360736.635837	4065943.153259
360736.833593	4065943.136093
360737.031485	4065943.120341
360737.230744	4065943.10562
360737.426949	4065943.092305
360737.623605	4065943.080313
360737.820593	4065943.069519
360738.017734	4065943.060061
360738.214376	4065943.051754
360738.411758	4065943.044342
360738.611617	4065943.038152
360738.810466	4065943.034202
360739.009758	4065943.031648
360739.209211	4065943.030756
360739.407465	4065943.030357
360739.604012	4065943.030926
360739.801054	4065943.03234
360739.997404	4065943.034398
360740.197075	4065943.037554
360740.39558	4065943.042202
360740.594204	4065943.048186
360740.790283	4065943.055038
360740.987485	4065943.062423
360741.186531	4065943.069374
360741.385734	4065943.076985
360741.584143	4065943.086187
360741.781062	4065943.096801
360741.978379	4065943.109689
360742.176568	4065943.123232
360742.375145	4065943.135695
360742.573346	4065943.149609
360742.772302	4065943.167091
360742.968707	4065943.18599
360743.164961	4065943.206921
360743.364015	4065943.225734
360743.560039	4065943.239598
360743.758326	4065943.254405
360743.954749	4065943.271779
360744.152115	4065943.29112
360744.347251	4065943.31271
360744.544917	4065943.334269
360744.74254	4065943.354751
360744.940373	4065943.375522
360745.135643	4065943.396459
360745.333462	4065943.418449
360745.531841	4065943.441588
360745.728292	4065943.46335
360745.925657	4065943.483689
360746.121141	4065943.504681
360746.319017	4065943.527047
360746.516616	4065943.549253
360746.713878	4065943.571222
360746.909131	4065943.593064
360747.106093	4065943.615172
360747.301793	4065943.640721
360747.496327	4065943.669665
360747.691943	4065943.690541
360747.888489	4065943.706496
360748.085449	4065943.726911
360748.282852	4065943.750997
360748.48077	4065943.774313
360748.679002	4065943.797446
360748.876211	4065943.820525
360749.073622	4065943.843645
360749.2718	4065943.866763
360749.467075	4065943.889548
360749.662246	4065943.912553
360749.859134	4065943.935897
360750.057132	4065943.959353
360750.253386	4065943.98269
360750.451283	4065944.006251
360750.648197	4065944.030239
360750.846286	4065944.055548
360751.040966	4065944.082019
360751.235936	4065944.114273
360751.432545	4065944.143395
360751.629769	4065944.158467
360751.82784	4065944.17309
360752.023459	4065944.194765
360752.220325	4065944.221502
360752.413277	4065944.257896
360752.609053	4065944.287898
360752.806306	4065944.301395
360753.002381	4065944.315994
360753.19752	4065944.341576
360753.392395	4065944.368272
360753.590949	4065944.391694
360753.786332	4065944.418615
360753.982319	4065944.454966
360754.180333	4065944.481578
360754.377222	4065944.496996
360754.573091	4065944.516748
360754.767382	4065944.545067
360754.964795	4065944.575222
360755.16146	4065944.606143
360755.356013	4065944.635467
360755.55269	4065944.6641
360755.748622	4065944.682893
360755.947195	4065944.695323
360756.142698	4065944.715666
360756.338538	4065944.744356
360756.534445	4065944.770888
360756.732225	4065944.796813
360756.928354	4065944.822624
360757.125866	4065944.848645
360757.323378	4065944.874633
360757.521065	4065944.900641
360757.71889	4065944.926762
360757.91681	4065944.952971
360758.114829	4065944.979293
360758.312544	4065945.005606
360758.508759	4065945.031482
360758.703355	4065945.057054
360758.898701	4065945.083054
360759.095513	4065945.109218
360759.292179	4065945.133403
360759.489721	4065945.159463
360759.685639	4065945.199383
360759.879309	4065945.231872
360760.077366	4065945.247172
360760.275344	4065945.265032
360760.472583	4065945.292407
360760.66815	4065945.3199
360760.865905	4065945.346408
360761.063703	4065945.372955
360761.261131	4065945.399534
360761.458735	4065945.426254
360761.656714	4065945.453203
360761.853442	4065945.479264
360762.048855	4065945.503758
360762.24518	4065945.536388
360762.438224	4065945.581121
360762.633309	4065945.606916
360762.830631	4065945.620717
360763.027901	4065945.640151
360763.225845	4065945.666318
360763.422921	4065945.692724
360763.6208	4065945.719998
360763.817965	4065945.746996
360764.015085	4065945.773994
360764.212071	4065945.801134
360764.408984	4065945.828342
360764.60628	4065945.855366
360764.80326	4065945.88222
360765.001093	4065945.908387
360765.196833	4065945.935323
360765.39143	4065945.972511
360765.585511	4065946.012673
360765.781004	4065946.040244
360765.977334	4065946.062814
360766.174612	4065946.08217
360766.372002	4065946.101219
360766.57009	4065946.123971
360766.767451	4065946.151208
360766.962407	4065946.191057
360767.156364	4065946.224341
360767.354189	4065946.244143
360767.551778	4065946.267133
360767.748747	4065946.297968
360767.943582	4065946.323531
360768.139467	4065946.344934
360768.336797	4065946.369368
360768.532242	4065946.396592
360768.728742	4065946.428504
360768.925016	4065946.463919
360769.121723	4065946.492525
360769.316974	4065946.516821
360769.512624	4065946.538083
360769.70852	4065946.560263
360769.9019	4065946.594558
360770.095671	4065946.629913
360770.291244	4065946.651978
360770.48829	4065946.675313
360770.683678	4065946.715002
360770.879129	4065946.753935
360771.073705	4065946.779961
360771.269728	4065946.804528
360771.467655	4065946.831056
360771.664538	4065946.85889
360771.861386	4065946.888175
360772.055599	4065946.921694
360772.250757	4065946.96477
360772.443801	4065947.002063
360772.640247	4065947.031289
360772.837154	4065947.06431
360773.030616	4065947.102906
360773.225902	4065947.142931
360773.418843	4065947.183174
360773.612734	4065947.224987
360773.807701	4065947.268488
360774.000468	4065947.312867
360774.194709	4065947.359026
360774.388412	4065947.406682
360774.581662	4065947.455896
360774.77156	4065947.504893
360774.961567	4065947.554887
360775.152005	4065947.612851
360775.340073	4065947.677884
360775.529665	4065947.73863
360775.719456	4065947.796115
360775.908539	4065947.850039
360776.099424	4065947.902776
360776.286854	4065947.963057
360776.472805	4065948.030464
360776.65677	4065948.099273
360776.841006	4065948.171333
360777.024037	4065948.245792
360777.204688	4065948.3243
360777.378014	4065948.418357
360777.546679	4065948.519866
360777.726117	4065948.601187
360777.909663	4065948.678512
360778.079277	4065948.782571
360778.239346	4065948.897193
360778.409192	4065948.998235
360778.579639	4065949.097982
360778.741894	4065949.21201
360778.896342	4065949.335469
360779.04003	4065949.472087
360779.183933	4065949.610349
360779.344114	4065949.728465
360779.504428	4065949.847364
360779.649309	4065949.983681
360779.784675	4065950.127283
360779.912863	4065950.277845
360780.039634	4065950.431353
360780.169939	4065950.580828
360780.297844	4065950.734445
360780.41688	4065950.891415
360780.53301	4065951.053952
360780.643324	4065951.216631
360780.751652	4065951.384725
360780.854929	4065951.552316
360780.954044	4065951.72283
360781.04894	4065951.896565
360781.13933	4065952.073327
360781.22559	4065952.253559
360781.306432	4065952.435183
360781.381785	4065952.617197
360781.452243	4065952.801356
360781.518519	4065952.988243
360781.579401	4065953.177101
360781.635444	4065953.367979
360781.685286	4065953.559869
360781.729651	4065953.752422
360781.767915	4065953.946258
360781.801518	4065954.141358
360781.827353	4065954.338756
360781.846827	4065954.535091
360781.861515	4065954.731645
360781.874225	4065954.928101
360781.877872	4065955.127515
360781.87774	4065955.325439
360781.876799	4065955.524002
360781.868932	4065955.720054
360781.857283	4065955.918045
360781.839592	4065956.116728
360781.819793	4065956.313639
360781.798036	4065956.509818
360781.776004	4065956.708374
360781.754942	4065956.90469
360781.730227	4065957.100296
360781.699911	4065957.295094
360781.67236	4065957.491926
360781.648942	4065957.687421
360781.622601	4065957.881898
360781.591242	4065958.078901
360781.562024	4065958.274737
360781.535516	4065958.469186
360781.508772	4065958.665657
360781.481993	4065958.860726
360781.457532	4065959.058086
360781.436218	4065959.253524
360781.410365	4065959.448153
360781.378263	4065959.641915
360781.348758	4065959.837861
360781.32251	4065960.032297
360781.29585	4065960.229391
360781.269257	4065960.425106
360781.242503	4065960.622504
360781.216103	4065960.817755
360781.190008	4065961.014698
360781.164736	4065961.209396
360781.139085	4065961.40743
360781.113544	4065961.605045
360781.088339	4065961.80045
360781.06305	4065961.997175
360781.038554	4065962.192573
360781.014227	4065962.390859
360780.990082	4065962.586907
360780.965822	4065962.784194
360780.942181	4065962.981945
360780.91899	4065963.180062
360780.895682	4065963.377548
360780.872411	4065963.574362
360780.849756	4065963.769257
360780.82704	4065963.966668
360780.803827	4065964.164869
360780.780975	4065964.359863
360780.7588	4065964.555914
360780.737457	4065964.753107
360780.718922	4065964.948715
360780.701091	4065965.145241
360780.678665	4065965.342788
360780.6542	4065965.538598
360780.633269	4065965.733797
360780.613473	4065965.932252
360780.593278	4065966.130713
360780.573247	4065966.329445
360780.55422	4065966.525739
360780.535371	4065966.722448
360780.515392	4065966.918277
360780.496401	4065967.113751
360780.481994	4065967.313084
360780.467456	4065967.51206
360780.445454	4065967.710169
360780.421422	4065967.907939
360780.400312	4065968.105329
360780.379956	4065968.303695
360780.36059	4065968.500702
360780.341007	4065968.698206
360780.320368	4065968.896023
360780.299826	4065969.091517
360780.279332	4065969.289483
360780.258538	4065969.487318
360780.236992	4065969.682652
360780.216953	4065969.881282
360780.199802	4065970.077494
360780.182906	4065970.274271
360780.166466	4065970.472296
360780.14526	4065970.667643
360780.114412	4065970.86524
360780.088594	4065971.059717
360780.068051	4065971.254875
360780.046688	4065971.453188
360780.024476	4065971.650684
360780.006643	4065971.848972
360779.992365	4065972.048025
360779.970668	4065972.244274
360779.940154	4065972.438349
360779.916009	4065972.63385
360779.895828	4065972.829248
360779.874183	4065973.027576
360779.852148	4065973.222638
360779.829113	4065973.420984
360779.806116	4065973.617685
360779.78545	4065973.815101
360779.766032	4065974.012965
360779.745219	4065974.208958
360779.724098	4065974.40408
360779.706351	4065974.601073
360779.689143	4065974.79869
360779.661585	4065974.993991
360779.628562	4065975.188027
360779.607255	4065975.386148
360779.589456	4065975.584175
360779.566909	4065975.782066
360779.541873	4065975.979542
360779.515451	4065976.175787
360779.488905	4065976.371706
360779.464893	4065976.569035
360779.44166	4065976.76531
360779.417809	4065976.960862
360779.393942	4065977.15659
360779.370153	4065977.351904
360779.347027	4065977.548461
360779.325769	4065977.746196
360779.302661	4065977.943148
360779.275074	4065978.138343
360779.24803	4065978.332878
360779.221399	4065978.530521
360779.201696	4065978.728649
360779.188857	4065978.927558
360779.166756	4065979.125605
360779.128927	4065979.318995
360779.098206	4065979.512834
360779.072676	4065979.710633
360779.052864	4065979.906557
360779.036651	4065980.104672
360779.011468	4065980.30213
360778.976798	4065980.499048
360778.949123	4065980.696751
360778.925154	4065980.895094
360778.900571	4065981.09024
360778.875529	4065981.28597
360778.850189	4065981.482284
360778.824578	4065981.679011
360778.798685	4065981.876253
360778.772793	4065982.072617
360778.747128	4065982.269494
360778.721493	4065982.466943
360778.69599	4065982.662062
360778.670278	4065982.85774
360778.644487	4065983.052829
360778.618077	4065983.250541
360778.590134	4065983.445715
360778.565808	4065983.641343
360778.549522	4065983.837415
360778.528611	4065984.033987
360778.492265	4065984.227494
360778.458838	4065984.424611
360778.433409	4065984.621586
360778.40802	4065984.816674
360778.381589	4065985.013021
360778.355312	4065985.207847
360778.328742	4065985.404533
360778.302216	4065985.601399
360778.275729	4065985.798477
360778.24969	4065985.99325
360778.223588	4065986.189513
360778.197867	4065986.384418
360778.172293	4065986.579377
360778.146554	4065986.774908
360778.120869	4065986.969611
360778.094613	4065987.166921
360778.068769	4065987.362476
360778.044095	4065987.559279
360778.019771	4065987.756365
360777.994761	4065987.950979
360777.96873	4065988.148206
360777.941528	4065988.345353
360777.914497	4065988.542213
360777.888609	4065988.738686
360777.865622	4065988.935448
360777.849503	4065989.134314
360777.831309	4065989.331515
360777.796427	4065989.527079
360777.761893	4065989.721633
360777.737252	4065989.917119
360777.713342	4065990.112501
360777.688057	4065990.31043
360777.663013	4065990.506791
360777.637989	4065990.703864
360777.612884	4065990.900887
360777.587637	4065991.098053
360777.562562	4065991.294045
360777.537635	4065991.489177
360777.51171	4065991.687152
360777.486543	4065991.883902
360777.470158	4065992.081678
360777.456716	4065992.28059
360777.428139	4065992.476464
360777.388082	4065992.669235
360777.360121	4065992.866382
360777.336885	4065993.063974
360777.311906	4065993.261759
360777.286491	4065993.459438
360777.261173	4065993.657068
360777.236155	4065993.852399
360777.211182	4065994.047451
360777.186154	4065994.242874
360777.161184	4065994.437681
360777.135805	4065994.635314
360777.110494	4065994.831159
360777.085248	4065995.027281
360777.058553	4065995.224583
360777.036434	4065995.421545
360777.023329	4065995.617386
360777.005439	4065995.816014
360776.966992	4065996.009863
360776.931611	4065996.206316
360776.906827	4065996.404458
360776.882598	4065996.600024
360776.857759	4065996.794775
360776.833215	4065996.989606
360776.80896	4065997.18535
360776.782891	4065997.382715
360776.756349	4065997.577678
360776.740117	4065997.776769
360776.72881	4065997.972688
360776.703447	4065998.168986
360776.665619	4065998.361589
360776.639388	4065998.556522
360776.617503	4065998.753985
360776.59468	4065998.949373
360776.57179	4065999.144971
360776.548895	4065999.34255
360776.526412	4065999.537846
360776.503874	4065999.733775
360776.481695	4065999.92918
360776.459639	4066000.126165
360776.438798	4066000.322737
360776.420343	4066000.521061
360776.401725	4066000.718827
360776.381798	4066000.916885
360776.358674	4066001.113853
360776.329157	4066001.308093
360776.30252	4066001.503675
360776.280927	4066001.69923
360776.259491	4066001.894164
360776.237287	4066002.090936
360776.214754	4066002.286637
360776.191267	4066002.483181
360776.170719	4066002.679501
360776.155314	4066002.864065
360776.140026	4066003.061908
360776.125507	4066003.256366
360776.111211	4066003.451452
360776.097631	4066003.6388
360776.083323	4066003.837502
360776.070276	4066004.019348
360776.056799	4066004.207452
360776.042951	4066004.40068
360776.028792	4066004.597897
