360773.989145	4066004.68022
360773.965471	4066004.875351
360773.940783	4066005.072805
360773.917184	4066005.269588
360773.897443	4066005.466989
360773.876964	4066005.663667
360773.849817	4066005.857994
360773.821818	4066006.052382
360773.797843	4066006.249023
360773.774475	4066006.446097
360773.750219	4066006.642774
360773.725917	4066006.838947
360773.7019	4066007.033644
360773.677825	4066007.229275
360773.653948	4066007.424428
360773.630049	4066007.619121
360773.605692	4066007.815081
360773.58116	4066008.012778
360773.556919	4066008.210475
360773.532853	4066008.406757
360773.508773	4066008.601996
360773.484492	4066008.799579
360773.460647	4066008.995456
360773.436598	4066009.191973
360773.41239	4066009.387154
360773.388304	4066009.583161
360773.364565	4066009.779669
360773.34072	4066009.977475
360773.317131	4066010.173268
360773.29334	4066010.368201
360773.267966	4066010.565634
360773.247087	4066010.760942
360773.232132	4066010.956922
360773.211573	4066011.154951
360773.179414	4066011.348626
360773.150455	4066011.545892
360773.127699	4066011.742203
360773.104656	4066011.939831
360773.081094	4066012.135647
360773.05735	4066012.332025
360773.033607	4066012.527583
360773.009563	4066012.724986
360772.985603	4066012.921084
360772.961631	4066013.117406
360772.937657	4066013.313932
360772.913308	4066013.512186
360772.889061	4066013.70825
360772.865833	4066013.906696
360772.843923	4066014.103511
360772.821645	4066014.300805
360772.798955	4066014.498453
360772.774145	4066014.693316
360772.74699	4066014.889786
360772.721869	4066015.08818
360772.698547	4066015.284124
360772.674724	4066015.480532
360772.651034	4066015.677267
360772.630485	4066015.873297
360772.610949	4066016.072241
360772.586409	4066016.267494
360772.558272	4066016.465314
360772.533756	4066016.66197
360772.510577	4066016.85807
360772.486845	4066017.054529
360772.463122	4066017.250461
360772.439408	4066017.448315
360772.415664	4066017.646821
360772.39193	4066017.84213
360772.367966	4066018.038505
360772.344187	4066018.235577
360772.320322	4066018.433591
360772.296211	4066018.631899
360772.272135	4066018.829359
360772.247973	4066019.027652
360772.224224	4066019.222693
360772.200257	4066019.418437
360772.176611	4066019.615154
360772.154576	4066019.810124
360772.131662	4066020.008092
360772.105591	4066020.205304
360772.080819	4066020.403582
360772.061534	4066020.599857
360772.041009	4066020.795231
360772.013182	4066020.992867
360771.985272	4066021.190815
360771.961131	4066021.388761
360771.937582	4066021.585272
360771.913714	4066021.780947
360771.889443	4066021.978438
360771.865211	4066022.173372
360771.840728	4066022.370169
360771.81647	4066022.565883
360771.7921	4066022.761635
360771.767411	4066022.958568
360771.742654	4066023.155978
360771.717868	4066023.354001
360771.692971	4066023.550964
360771.66795	4066023.746498
360771.642898	4066023.943649
360771.618303	4066024.138791
360771.593803	4066024.333855
360771.569403	4066024.528816
360771.544885	4066024.723469
360771.519766	4066024.921684
360771.494934	4066025.11876
360771.470413	4066025.314385
360771.445892	4066025.510239
360771.421381	4066025.706293
360771.397014	4066025.901927
360771.372747	4066026.097427
360771.34829	4066026.293589
360771.323752	4066026.489633
360771.299165	4066026.685304
360771.274507	4066026.880828
360771.249828	4066027.077028
360771.22513	4066027.273766
360771.200189	4066027.470728
360771.175002	4066027.667997
360771.150009	4066027.864052
360771.125138	4066028.059218
360771.099284	4066028.254708
360771.073088	4066028.45298
360771.054477	4066028.650971
360771.038998	4066028.850003
360771.011137	4066029.046213
360770.974477	4066029.23903
360770.946561	4066029.43606
360770.922053	4066029.633197
360770.896287	4066029.829338
360770.870702	4066030.025271
360770.847057	4066030.221824
360770.823154	4066030.419629
360770.795608	4066030.61697
360770.767616	4066030.81125
360770.741532	4066031.007197
360770.716117	4066031.202654
360770.690426	4066031.398999
360770.66473	4066031.59514
360770.638958	4066031.789948
360770.613272	4066031.984516
360770.587842	4066032.179618
360770.562591	4066032.375235
360770.537618	4066032.57156
360770.512547	4066032.768686
360770.486769	4066032.963696
360770.461875	4066033.161688
360770.441182	4066033.359651
360770.419562	4066033.556791
360770.391645	4066033.754544
360770.364023	4066033.949388
360770.338017	4066034.146334
360770.316361	4066034.342366
360770.301701	4066034.539503
360770.283171	4066034.735934
360770.249172	4066034.932232
360770.217864	4066035.128292
360770.19466	4066035.324067
360770.171811	4066035.52015
360770.148353	4066035.716694
360770.124443	4066035.913512
360770.099868	4066036.110582
360770.076713	4066036.308149
360770.055124	4066036.506295
360770.032344	4066036.702685
360770.007832	4066036.901094
360769.98423	4066037.096894
360769.96096	4066037.293786
360769.937747	4066037.488809
360769.914467	4066037.685451
360769.893603	4066037.882136
360769.874014	4066038.079045
360769.850263	4066038.276393
360769.823479	4066038.473961
360769.799317	4066038.670419
360769.77658	4066038.866284
360769.753735	4066039.063783
360769.731019	4066039.261565
360769.708233	4066039.458448
360769.685182	4066039.656215
360769.661675	4066039.851072
360769.638135	4066040.049649
360769.618489	4066040.247356
360769.598726	4066040.445785
360769.573017	4066040.643988
360769.546718	4066040.838926
360769.522594	4066041.035472
360769.501373	4066041.232069
360769.485803	4066041.430168
360769.467711	4066041.62849
360769.437428	4066041.822929
360769.40699	4066042.020351
360769.383718	4066042.216119
360769.361	4066042.412001
360769.337507	4066042.608602
360769.313481	4066042.805657
360769.288372	4066043.00317
360769.265366	4066043.201291
360769.24571	4066043.396638
360769.223443	4066043.592669
360769.197125	4066043.788147
360769.172218	4066043.983793
360769.148884	4066044.18003
360769.12674	4066044.376364
360769.105739	4066044.572737
360769.083068	4066044.769404
360769.058638	4066044.966369
360769.034244	4066045.163905
360769.009887	4066045.361936
360768.986564	4066045.558049
360768.963703	4066045.756339
360768.941205	4066045.953004
360768.918661	4066046.151207
360768.895375	4066046.349262
360768.871799	4066046.544797
360768.848187	4066046.742997
360768.824797	4066046.940753
360768.801592	4066047.137785
360768.77872	4066047.333046
360768.755967	4066047.529756
360768.733206	4066047.727388
360768.709857	4066047.924077
360768.686629	4066048.12219
360768.665466	4066048.319917
360768.645203	4066048.517776
360768.625946	4066048.715632
360768.60506	4066048.914084
360768.577199	4066049.110525
360768.548761	4066049.306683
360768.525417	4066049.504287
360768.502979	4066049.701546
360768.479546	4066049.89955
360768.456118	4066050.097905
360768.433359	4066050.292952
360768.410681	4066050.487808
360768.387621	4066050.686055
360768.364602	4066050.883504
360768.341674	4066051.079486
360768.318492	4066051.276735
360768.295367	4066051.472296
360768.272164	4066051.668798
360768.248958	4066051.866156
360768.225586	4066052.063896
360768.202021	4066052.261902
360768.178269	4066052.460385
360768.154745	4066052.655788
360768.130999	4066052.852955
360768.107192	4066053.050927
360768.083496	4066053.246126
360768.059296	4066053.443095
360768.035463	4066053.638076
360768.011639	4066053.834425
360767.987752	4066054.030392
360767.963772	4066054.2261
360767.939232	4066054.423554
360767.914817	4066054.619143
360767.895002	4066054.815317
360767.877523	4066055.011889
360767.851703	4066055.20847
360767.820124	4066055.405577
360767.793993	4066055.60124
360767.770156	4066055.798431
360767.749084	4066055.996304
360767.728047	4066056.194846
360767.701564	4066056.389695
360767.673472	4066056.585189
360767.648966	4066056.782652
360767.625467	4066056.979805
360767.601282	4066057.177397
360767.57725	4066057.373652
360767.553413	4066057.57009
360767.529614	4066057.76562
360767.505283	4066057.962732
360767.480864	4066058.160565
360767.456762	4066058.357417
360767.432649	4066058.553867
360767.40817	4066058.75203
360767.383849	4066058.948566
360767.359506	4066059.145013
360767.334774	4066059.343383
360767.309826	4066059.538347
360767.288883	4066059.735438
360767.272695	4066059.931535
360767.250063	4066060.128529
360767.217273	4066060.322629
360767.189023	4066060.517949
360767.166039	4066060.713866
360767.142781	4066060.90873
360767.118586	4066061.106637
360767.094668	4066061.302133
360767.070574	4066061.498946
360767.047182	4066061.694269
360767.024008	4066061.891712
360767.000562	4066062.087521
360766.976403	4066062.285721
360766.95218	4066062.483873
360766.927881	4066062.68213
360766.903935	4066062.878974
360766.879933	4066063.07744
360766.856255	4066063.273848
360766.832783	4066063.469094
360766.809142	4066063.665722
360766.785398	4066063.863198
360766.761581	4066064.060631
360766.737773	4066064.257992
360766.713902	4066064.454374
360766.690723	4066064.650368
360766.672077	4066064.84812
360766.654775	4066065.046414
360766.629358	4066065.242259
360766.599144	4066065.436387
360766.57441	4066065.632033
360766.551796	4066065.827592
360766.528768	4066066.022396
360766.505449	4066066.218897
360766.481628	4066066.415156
360766.457498	4066066.612163
360766.433619	4066066.808163
360766.409863	4066067.00585
360766.38756	4066067.202649
360766.3646	4066067.400218
360766.338486	4066067.59599
360766.311324	4066067.79162
360766.284566	4066067.98846
360766.258706	4066068.185066
360766.236275	4066068.380099
360766.211807	4066068.574771
360766.177431	4066068.769895
360766.140301	4066068.964984
360766.106485	4066069.15989
360766.071926	4066069.354544
360766.034903	4066069.548847
360765.996147	4066069.742826
360765.955799	4066069.936287
360765.913515	4066070.129927
360765.868979	4066070.324649
360765.822385	4066070.518469
360765.77408	4066070.709847
360765.722599	4066070.90135
360765.667836	4066071.091045
360765.609713	4066071.279275
360765.547212	4066071.467932
360765.4809	4066071.655123
360765.410334	4066071.841706
360765.335432	4066072.026503
360765.255877	4066072.209314
360765.171404	4066072.389417
360765.081437	4066072.56617
360764.986413	4066072.741243
360764.888127	4066072.9124
360764.78495	4066073.080138
360764.674397	4066073.246769
360764.55882	4066073.409441
360764.438279	4066073.568549
360764.311884	4066073.72285
360764.181488	4066073.869829
360764.042785	4066074.0126
360763.898516	4066074.147676
360763.747318	4066074.275602
360763.590831	4066074.395101
360763.426909	4066074.50803
360763.259927	4066074.61208
360763.088352	4066074.707134
360762.911538	4066074.793607
360762.730899	4066074.874032
360762.546417	4066074.949614
360762.359498	4066075.019187
360762.170278	4066075.083271
360761.979996	4066075.141581
360761.789166	4066075.194678
360761.595595	4066075.243063
360761.402364	4066075.286602
360761.209455	4066075.32564
360761.013861	4066075.361171
360760.817027	4066075.394037
360760.622253	4066075.424293
360760.424275	4066075.451952
360760.227474	4066075.476693
360760.03063	4066075.498617
360759.83372	4066075.51818
360759.635535	4066075.535205
360759.43964	4066075.549948
360759.240463	4066075.562134
360759.042088	4066075.572161
360758.845526	4066075.579547
360758.647385	4066075.585469
360758.449983	4066075.587536
360758.252954	4066075.588292
360758.053234	4066075.587849
360757.85505	4066075.583798
360757.655752	4066075.578293
360757.459088	4066075.570481
360757.262298	4066075.560959
360757.065755	4066075.549117
360756.869148	4066075.536242
360756.672667	4066075.522199
360756.476586	4066075.506978
360756.280826	4066075.490381
360756.08425	4066075.471714
360755.887497	4066075.45098
360755.692106	4066075.431855
360755.493963	4066075.413661
360755.295852	4066075.393529
360755.097885	4066075.371482
360754.901906	4066075.349398
360754.703822	4066075.326724
360754.50886	4066075.304033
360754.313373	4066075.280909
360754.117165	4066075.257467
360753.920348	4066075.2337
360753.723644	4066075.209728
360753.526845	4066075.185491
360753.329004	4066075.160724
360753.134287	4066075.135945
360752.939608	4066075.110578
360752.74495	4066075.084724
360752.54668	4066075.058579
360752.349028	4066075.032517
360752.151291	4066075.005628
360751.955779	4066074.978498
360751.760561	4066074.951838
360751.563231	4066074.925081
360751.365193	4066074.898638
360751.167057	4066074.87158
360750.972399	4066074.838646
360750.779216	4066074.80422
360750.582479	4066074.781002
360750.385167	4066074.761448
360750.186963	4066074.735918
360749.990395	4066074.707773
360749.794421	4066074.680484
360749.600064	4066074.653594
360749.403772	4066074.62711
360749.208045	4066074.601158
360749.012425	4066074.575684
360748.817336	4066074.550449
360748.620017	4066074.52462
360748.422415	4066074.498699
360748.225942	4066074.473063
360748.028744	4066074.447272
360747.832076	4066074.421323
360747.635576	4066074.395285
360747.43908	4066074.36923
360747.243285	4066074.343112
360747.045523	4066074.316447
360746.847418	4066074.289571
360746.651087	4066074.262783
360746.45467	4066074.236015
360746.259403	4066074.209699
360746.06329	4066074.182929
360745.868813	4066074.155624
360745.674641	4066074.128186
360745.478127	4066074.100672
360745.282328	4066074.072617
360745.087284	4066074.043243
360744.892152	4066074.01406
360744.696514	4066073.985968
360744.500517	4066073.95746
360744.304317	4066073.927951
360744.107079	4066073.897823
360743.912009	4066073.867711
360743.717082	4066073.837131
360743.522753	4066073.806683
360743.325735	4066073.773033
360743.130271	4066073.733358
360742.936338	4066073.696657
360742.741014	4066073.66597
360742.543931	4066073.63553
360742.347069	4066073.604751
360742.15059	4066073.57209
360741.955595	4066073.53673
360741.759817	4066073.500158
360741.566606	4066073.463283
360741.373117	4066073.425807
360741.179422	4066073.38791
360740.985992	4066073.349151
360740.792884	4066073.30937
360740.600493	4066073.268855
360740.408732	4066073.227605
360740.21494	4066073.185045
360740.019825	4066073.141379
360739.825606	4066073.096552
360739.632011	4066073.050261
360739.438622	4066073.002948
360739.245374	4066072.954705
360739.051812	4066072.9047
360738.861548	4066072.853762
360738.672042	4066072.801741
360738.479603	4066072.747747
360738.293808	4066072.684944
360738.110942	4066072.610471
360737.922015	4066072.548794
360737.730767	4066072.498438
360737.542227	4066072.440818
360737.355812	4066072.376128
360737.171392	4066072.307833
360736.985922	4066072.234481
360736.804456	4066072.160224
360736.623526	4066072.083359
360736.441841	4066072.00381
360736.262887	4066071.922498
360736.085057	4066071.833989
360735.910465	4066071.74113
360735.731382	4066071.652425
360735.555262	4066071.565087
360735.389398	4066071.457187
360735.228406	4066071.341068
360735.053395	4066071.251172
360734.872707	4066071.167631
360734.704852	4066071.061669
360734.542505	4066070.946605
360734.375677	4066070.842943
360734.208683	4066070.739821
360734.047366	4066070.627378
360733.888881	4066070.510185
360733.730465	4066070.391418
360733.572365	4066070.269162
360733.416685	4066070.143711
360733.262582	4066070.016278
360733.109972	4066069.887657
360732.958567	4066069.759884
360732.80292	4066069.634985
360732.653367	4066069.507836
360732.513413	4066069.369433
360732.377662	4066069.223223
360732.250666	4066069.069342
360732.113591	4066068.928948
360731.954702	4066068.808633
360731.804225	4066068.678576
360731.670013	4066068.535196
360731.536545	4066068.389336
360731.402664	4066068.242194
360731.270349	4066068.093257
360731.139634	4066067.942512
360731.011058	4066067.790674
360730.884685	4066067.637825
360730.759107	4066067.482885
360730.63657	4066067.328684
360730.514982	4066067.173789
360730.394594	4066067.018623
360730.273315	4066066.859896
360730.153629	4066066.700299
360730.045066	4066066.536104
360729.942172	4066066.366287
360729.821504	4066066.207554
360729.691307	4066066.058599
360729.573816	4066065.899662
360729.463153	4066065.734261
360729.353042	4066065.571903
360729.243177	4066065.40908
360729.131767	4066065.243068
360729.021056	4066065.078238
360728.908622	4066064.914994
360728.795571	4066064.751336
360728.685334	4066064.585849
360728.576397	4066064.421335
360728.466381	4066064.258374
360728.355303	4066064.094641
360728.244654	4066063.930646
360728.133471	4066063.767503
360728.020867	4066063.606603
360727.906413	4066063.443521
360727.794077	4066063.281232
360727.681235	4066063.118207
360727.568977	4066062.95612
360727.454979	4066062.794361
360727.33672	4066062.634526
360727.224168	4066062.473426
360727.12297	4066062.304901
360727.013237	4066062.141218
360726.885115	4066061.989833
360726.758982	4066061.835941
360726.640805	4066061.675489
360726.52441	4066061.516529
360726.407253	4066061.358276
360726.288519	4066061.198411
360726.169531	4066061.038771
360726.05107	4066060.880448
360725.931412	4066060.721098
360725.812581	4066060.564086
360725.691889	4066060.405944
360725.5717	4066060.249411
360725.4499	4066060.091691
360725.327391	4066059.93462
360725.204111	4066059.77815
360725.080056	4066059.622994
360724.955402	4066059.469359
360724.82967	4066059.317792
360724.702822	4066059.168179
360724.574496	4066059.017658
360724.444642	4066058.866274
360724.313189	4066058.718903
360724.1785	4066058.572322
360724.057586	4066058.417366
360723.944221	4066058.253425
360723.802504	4066058.114274
360723.644669	4066057.996884
360723.497481	4066057.865491
360723.35685	4066057.724679
360723.222919	4066057.58008
360723.090351	4066057.43382
360722.938261	4066057.304426
360722.778525	4066057.184132
360722.627365	4066057.056237
360722.477296	4066056.925089
360722.326297	4066056.796828
360722.175266	4066056.671541
360722.020079	4066056.549367
360721.863812	4066056.42938
360721.708417	4066056.308704
360721.550542	4066056.187768
360721.391919	4066056.069965
360721.23168	4066055.953858
360721.06866	4066055.838578
360720.905577	4066055.725914
360720.742668	4066055.615864
360720.578588	4066055.507563
360720.413542	4066055.401137
360720.246243	4066055.295589
360720.076616	4066055.190692
360719.90681	4066055.088219
360719.735301	4066054.98744
360719.563056	4066054.888944
360719.389252	4066054.792336
360719.214004	4066054.697356
360719.040293	4066054.605985
360718.866736	4066054.514049
360718.694296	4066054.419114
360718.516802	4066054.33084
360718.333609	4066054.25293
360718.150908	4066054.173599
360717.972004	4066054.091941
360717.789103	4066054.011841
360717.606067	4066053.935637
360717.422992	4066053.862218
360717.240004	4066053.791376
360717.055592	4066053.723665
360716.869497	4066053.658992
360716.681204	4066053.59506
360716.494599	4066053.533024
360716.307338	4066053.473416
360716.119568	4066053.416129
360715.930791	4066053.361645
360715.740958	4066053.30977
360715.549935	4066053.259211
360715.357857	4066053.209943
360715.163916	4066053.163798
360714.972141	4066053.121079
360714.77978	4066053.07151
360714.589712	4066053.018261
360714.394814	4066052.984709
360714.20002	4066052.9611
360714.005002	4066052.931344
360713.809482	4066052.898027
360713.61407	4066052.868702
360713.418701	4066052.842025
360713.223849	4066052.817704
360713.025141	4066052.795053
360712.827873	4066052.774806
360712.62927	4066052.756497
360712.431804	4066052.740701
360712.23458	4066052.727006
360712.035947	4066052.715496
360711.836815	4066052.705964
360711.639177	4066052.698577
360711.441942	4066052.693335
360711.243238	4066052.691379
360711.0438	4066052.690434
360710.843988	4066052.692036
360710.644588	4066052.696365
360710.448066	4066052.702199
360710.248568	4066052.710612
360710.05061	4066052.720969
360709.852365	4066052.733662
360709.655818	4066052.747628
360709.46028	4066052.764474
360709.262136	4066052.789816
360709.064143	4066052.816565
360708.867658	4066052.834432
360708.669144	4066052.853051
360708.473791	4066052.879475
360708.278547	4066052.909932
360708.082787	4066052.942711
360707.886556	4066052.977709
360707.690918	4066053.014286
360707.49579	4066053.053173
360707.301816	4066053.094736
360707.109494	4066053.138056
360706.916982	4066053.183447
360706.724396	4066053.23101
360706.530817	4066053.281219
360706.340735	4066053.332611
360706.149382	4066053.386461
360705.958929	4066053.442472
360705.769584	4066053.500755
360705.579894	4066053.561234
360705.393468	4066053.622797
360705.206085	4066053.686975
360705.017817	4066053.753887
360704.83032	4066053.822916
360704.646736	4066053.892977
360704.463271	4066053.965521
360704.280927	4066054.040174
360704.097744	4066054.11731
360703.917008	4066054.195645
360703.735788	4066054.276374
360703.557103	4066054.358235
360703.377364	4066054.442355
360703.197788	4066054.529211
360703.023446	4066054.623107
360702.851038	4066054.720521
360702.672522	4066054.80705
360702.492739	4066054.891057
360702.320375	4066054.992093
360702.152345	4066055.097837
360701.978281	4066055.193003
360701.803539	4066055.288096
360701.634486	4066055.389285
360701.467967	4066055.493183
360701.300546	4066055.598482
360701.133098	4066055.707773
360700.971666	4066055.822082
360700.809688	4066055.937211
360700.643757	4066056.043038
360700.48065	4066056.155735
360700.337621	4066056.290634
360700.187648	4066056.420383
360700.015025	4066056.520104
360699.846248	4066056.621415
360699.688976	4066056.740732
360699.53351	4066056.863815
360699.37737	4066056.986534
360699.222379	4066057.109449
360699.067375	4066057.2304
360698.916824	4066057.360601
360698.780727	4066057.501918
360698.639559	4066057.639627
360698.489975	4066057.768508
360698.33148	4066057.889371
360698.164472	4066057.999342
360698.007532	4066058.11721
360697.858829	4066058.24823
360697.709885	4066058.378752
360697.560016	4066058.507854
360697.419938	4066058.645404
360697.289786	4066058.792629
360697.142942	4066058.925845
360696.983971	4066059.041586
360696.84002	4066059.176621
360696.710456	4066059.327648
360696.560341	4066059.454112
360696.396079	4066059.562428
360696.241308	4066059.687935
360696.097429	4066059.822062
360695.950135	4066059.955514
360695.802809	4066060.087791
360695.655717	4066060.21814
360695.50805	4066060.349594
360695.367678	4066060.487212
360695.226911	4066060.628599
360695.074415	4066060.753712
360694.916625	4066060.872968
360694.76691	4066060.999883
360694.620394	4066061.132349
360694.478592	4066061.269593
360694.337435	4066061.410808
360694.198652	4066061.550509
360694.052777	4066061.683927
360693.889576	4066061.792633
360693.724693	4066061.901054
360693.572696	4066062.026749
360693.422478	4066062.154096
360693.269106	4066062.277616
360693.114934	4066062.399031
360692.956111	4066062.519467
360692.800697	4066062.640218
360692.649312	4066062.767009
360692.493401	4066062.891791
360692.334685	4066063.008282
360692.173822	4066063.124168
360692.013914	4066063.238167
360691.853665	4066063.353091
360691.694086	4066063.469264
360691.533192	4066063.583619
360691.369832	4066063.696687
360691.205812	4066063.807941
360691.041222	4066063.917351
360690.873548	4066064.02604
360690.705868	4066064.132022
360690.537458	4066064.235931
360690.36881	4066064.337545
360690.199327	4066064.43702
360690.028989	4066064.534516
360689.857669	4066064.632378
360689.684961	4066064.730323
360689.507487	4066064.822094
360689.329506	4066064.907257
360689.151501	4066064.992607
360688.973183	4066065.077375
360688.791819	4066065.160394
360688.610287	4066065.240943
360688.429244	4066065.321642
360688.249388	4066065.400131
360688.063831	4066065.471228
360687.876869	4066065.536657
360687.689163	4066065.603139
360687.501963	4066065.668276
360687.312186	4066065.730477
360687.123076	4066065.789064
360686.933023	4066065.843613
360686.743314	4066065.89441
360686.549674	4066065.942683
360686.35811	4066065.987799
360686.164964	4066066.033533
360685.972074	4066066.076327
360685.77592	4066066.110184
360685.578565	4066066.139689
360685.383627	4066066.169157
360685.189041	4066066.197046
360684.991487	4066066.222311
360684.793416	4066066.245245
360684.594846	4066066.265947
360684.397151	4066066.284376
360684.201545	4066066.300458
360684.005398	4066066.314647
360683.809489	4066066.326718
360683.613162	4066066.337622
360683.415983	4066066.349095
360683.217811	4066066.357965
360683.021583	4066066.362218
360682.82544	4066066.365358
360682.628029	4066066.368998
360682.43106	4066066.37104
360682.233061	4066066.370625
360682.034138	4066066.369663
360681.83708	4066066.367521
360681.64036	4066066.364342
360681.443033	4066066.360656
360681.245831	4066066.356094
360681.049693	4066066.3506
360680.853407	4066066.34362
360680.655188	4066066.332865
360680.457408	4066066.321694
360680.258844	4066066.314178
360680.060852	4066066.30636
360679.861403	4066066.294818
360679.664878	4066066.281971
360679.468198	4066066.269132
360679.271418	4066066.255433
360679.072681	4066066.239795
360678.875947	4066066.224431
360678.679181	4066066.210885
360678.481838	4066066.197172
360678.284634	4066066.182289
360678.087063	4066066.167156
360677.890809	4066066.152622
360677.693338	4066066.136661
360677.496889	4066066.117056
360677.301024	4066066.099722
360677.103651	4066066.087856
360676.906549	4066066.074015
360676.709002	4066066.051432
360676.511344	4066066.030886
360676.313435	4066066.017027
360676.11595	4066066.001895
360675.918991	4066065.982423
360675.723252	4066065.960813
360675.525612	4066065.935656
360675.327543	4066065.913928
360675.132019	4066065.897771
360674.933229	4066065.88021
360674.735436	4066065.860113
360674.537648	4066065.83949
360674.339788	4066065.818463
360674.141575	4066065.797881
360673.943037	4066065.777836
360673.745883	4066065.757889
360673.550147	4066065.738034
360673.354726	4066065.718182
360673.159605	4066065.698328
360672.96299	4066065.678391
360672.76509	4066065.65839
360672.566677	4066065.63894
360672.36777	4066065.619927
360672.169303	4066065.597849
360671.971062	4066065.573199
360671.774686	4066065.553484
360671.576968	4066065.536524
360671.381335	4066065.519031
360671.183103	4066065.500763
360670.986682	4066065.480872
360670.788926	4066065.459406
360670.59064	4066065.43796
360670.392407	4066065.416385
360670.194106	4066065.395242
360669.997659	4066065.373706
360669.802205	4066065.346619
360669.605186	4066065.317151
360669.406991	4066065.295167
360669.208712	4066065.27542
360669.013858	4066065.251696
360668.816729	4066065.225352
360668.618598	4066065.198713
360668.423892	4066065.172031
360668.22888	4066065.145366
360668.033328	4066065.118011
360667.836303	4066065.088756
360667.639469	4066065.058476
360667.445226	4066065.028742
360667.248376	4066064.996845
360667.05225	4066064.960683
360666.85941	4066064.921644
360666.666834	4066064.880454
360666.476112	4066064.834167
360666.286638	4066064.773001
360666.097489	4066064.713215
360665.904544	4066064.671329
360665.712321	4066064.626736
360665.525944	4066064.563529
360665.341405	4066064.493977
360665.156522	4066064.425899
360664.970686	4066064.352289
360664.790188	4066064.271125
360664.609121	4066064.187288
360664.427595	4066064.105318
360664.247498	4066064.018884
360664.073976	4066063.927434
360663.902453	4066063.83206
360663.732651	4066063.733464
360663.565262	4066063.631129
360663.400102	4066063.524805
360663.235601	4066063.412418
360663.076205	4066063.29624
360662.91946	4066063.17512
360662.764794	4066063.051882
360662.618931	4066062.916482
360662.493771	4066062.762134
360662.362283	4066062.61658
360662.208733	4066062.49391
360662.059838	4066062.360769
360661.930231	4066062.210044
360661.805309	4066062.053883
360661.685063	4066061.898184
360661.56731	4066061.736541
360661.454744	4066061.572581
360661.346298	4066061.404981
360661.242488	4066061.236556
360661.146586	4066061.061821
360661.063423	4066060.883614
360660.976775	4066060.706697
360660.880815	4066060.532929
360660.793664	4066060.356106
360660.717787	4066060.174971
360660.645875	4066059.990669
360660.577987	4066059.806562
360660.513488	4066059.618395
360660.453652	4066059.430708
360660.397332	4066059.239829
360660.344839	4066059.04863
360660.297618	4066058.857718
360660.254417	4066058.663621
360660.215577	4066058.468514
360660.180686	4066058.273366
360660.149922	4066058.078241
360660.122518	4066057.882759
360660.098981	4066057.687152
360660.078578	4066057.491474
360660.061685	4066057.294265
360660.047473	4066057.095537
360660.036787	4066056.89662
360660.028487	4066056.697543
360660.022847	4066056.500173
360660.018716	4066056.300391
360660.017653	4066056.101778
360660.017284	4066055.905123
360660.017985	4066055.708053
360660.021464	4066055.509986
360660.025852	4066055.311758
360660.031892	4066055.113174
360660.038998	4066054.914654
360660.047282	4066054.717831
360660.055873	4066054.52033
360660.065002	4066054.321101
360660.074505	4066054.122598
360660.084501	4066053.924276
360660.095162	4066053.727409
360660.106543	4066053.528796
360660.118219	4066053.331723
360660.130163	4066053.134236
360660.141358	4066052.938239
360660.152796	4066052.741379
360660.166944	4066052.544481
360660.182593	4066052.347048
360660.19723	4066052.149817
360660.211976	4066051.951341
360660.227362	4066051.754412
360660.243193	4066051.558373
360660.259617	4066051.359959
360660.27655	4066051.161892
360660.294213	4066050.962915
360660.312298	4066050.767013
360660.331466	4066050.56923
360660.351102	4066050.37243
360660.370934	4066050.176265
360660.39116	4066049.980229
360660.411968	4066049.78174
360660.433357	4066049.585556
360660.457936	4066049.387245
360660.478197	4066049.189236
360660.489913	4066048.992637
360660.505571	4066048.7937
360660.539067	4066048.59679
360660.570912	4066048.400671
360660.594596	4066048.205296
360660.615994	4066048.008735
360660.634809	4066047.81007
360660.659719	4066047.612537
360660.696878	4066047.4169
360660.721377	4066047.219598
360660.734865	4066047.020103
360660.759083	4066046.823229
360660.802116	4066046.629102
360660.835955	4066046.433074
360660.862822	4066046.235255
360660.891693	4066046.040728
360660.921844	4066045.845566
360660.943285	4066045.648332
360660.960076	4066045.449829
360660.992591	4066045.252982
360661.03837	4066045.060287
360661.058525	4066044.864266
360661.072013	4066044.664834
360661.107995	4066044.470981
360661.157772	4066044.279635
360661.189874	4066044.083542
360661.217273	4066043.886404
360661.246359	4066043.692081
360661.275834	4066043.496757
360661.305565	4066043.300188
360661.335347	4066043.102972
360661.364163	4066042.908915
360661.393499	4066042.712465
360661.425696	4066042.5183
360661.454404	4066042.321605
360661.470771	4066042.125138
360661.488941	4066041.92742
360661.528308	4066041.732406
360661.562273	4066041.53807
360661.575594	4066041.338953
360661.592412	4066041.143109
360661.635467	4066040.949151
360661.676963	4066040.753839
360661.705467	4066040.557107
360661.730156	4066040.359094
360661.751317	4066040.163366
360661.77251	4066039.967783
360661.794213	4066039.771885
360661.820537	4066039.576682
360661.860924	4066039.381823
360661.888929	4066039.185505
360661.901383	4066038.986967
360661.921543	4066038.791258
360661.957591	4066038.597706
360661.993033	4066038.401253
360662.026474	4066038.205951
360662.055365	4066038.011763
360662.081433	4066037.815627
360662.108056	4066037.619198
360662.134874	4066037.422337
360662.162134	4066037.225174
360662.189563	4066037.027604
360662.216092	4066036.833181
360662.242568	4066036.638278
360662.269462	4066036.442172
360662.296235	4066036.247265
360662.323852	4066036.050496
360662.349714	4066035.853162
360662.370887	4066035.654786
360662.39464	4066035.457957
360662.42681	4066035.262685
360662.457777	4066035.067874
360662.48446	4066034.87129
360662.511163	4066034.673283
360662.538328	4066034.476721
360662.56505	4066034.282514
360662.592053	4066034.084659
360662.618965	4066033.88699
360662.645771	4066033.689716
360662.67232	4066033.494578
360662.699091	4066033.298021
360662.725689	4066033.102141
360662.752437	4066032.904759
360662.778954	4066032.709509
360662.805839	4066032.511931
360662.832799	4066032.314778
360662.859759	4066032.11721
360662.886114	4066031.921636
360662.912606	4066031.723604
360662.938491	4066031.529109
360662.964529	4066031.332744
360662.990661	4066031.134862
360663.016644	4066030.938851
360663.043322	4066030.744202
360663.068324	4066030.548806
360663.091241	4066030.353505
360663.109954	4066030.157909
360663.121965	4066029.959607
360663.136654	4066029.763597
360663.167172	4066029.566914
360663.203846	4066029.372709
360663.245173	4066029.177987
360663.27702	4066028.984071
360663.300429	4066028.786198
360663.324573	4066028.589099
360663.349706	4066028.393077
360663.374927	4066028.195192
360663.399954	4066027.997834
360663.424948	4066027.800993
360663.449794	4066027.605535
360663.474693	4066027.410473
360663.499915	4066027.213261
360663.524901	4066027.016632
360663.550023	4066026.818289
360663.575108	4066026.620743
360663.600193	4066026.423512
360663.625329	4066026.226536
360663.650456	4066026.029815
360663.675414	4066025.833348
360663.700279	4066025.637135
360663.725163	4066025.440879
360663.750015	4066025.24527
360663.775194	4066025.048516
360663.800383	4066024.852753
360663.826071	4066024.654444
360663.851593	4066024.457474
360663.87682	4066024.260659
360663.901929	4066024.064385
360663.92735	4066023.866499
360663.952365	4066023.671693
360663.977521	4066023.474377
360664.003093	4066023.279825
360664.032052	4066023.083472
360664.051987	4066022.887181
360664.062343	4066022.687591
360664.08001	4066022.492035
360664.11713	4066022.296753
360664.149903	4066022.101679
360664.176932	4066021.906805
360664.202748	4066021.708889
360664.227081	4066021.511456
360664.251429	4066021.315899
360664.275978	4066021.119701
360664.30043	4066020.922869
360664.324857	4066020.725086
360664.349374	4066020.528719
360664.373858	4066020.331871
360664.397355	4066020.135159
360664.418675	4066019.939339
360664.432439	4066019.741934
360664.445527	4066019.543678
360664.47847	4066019.34855
360664.517843	4066019.153626
360664.541762	4066018.955172
360664.56343	4066018.756935
360664.586773	4066018.558962
360664.610168	4066018.361285
360664.633424	4066018.164388
360664.656579	4066017.96865
360664.679708	4066017.773475
360664.703065	4066017.57675
360664.72666	4066017.378435
360664.749785	4066017.182843
360664.772903	4066016.986222
360664.798358	4066016.787921
360664.824151	4066016.591629
360664.837979	4066016.393651
360664.847105	4066016.196596
360664.870755	4066016.001212
360664.911389	4066015.805724
360664.938301	4066015.610818
360664.961172	4066015.412849
360664.984406	4066015.217271
360665.007496	4066015.022114
360665.032052	4066014.827206
360665.056117	4066014.632458
360665.073005	4066014.436367
360665.087894	4066014.237309
360665.114914	4066014.041549
360665.149475	4066013.846903
360665.17328	4066013.651141
360665.194609	4066013.452715
360665.217428	4066013.257717
360665.240688	4066013.061806
360665.264083	4066012.863453
360665.287563	4066012.664861
360665.31107	4066012.467166
360665.334694	4066012.26944
360665.358225	4066012.073417
360665.381787	4066011.878323
360665.405684	4066011.681979
360665.429786	4066011.485096
360665.454298	4066011.287738
360665.476422	4066011.092582
360665.49659	4066010.895887
360665.516053	4066010.700418
360665.535487	4066010.502755
360665.562268	4066010.308105
360665.596752	4066010.112287
360665.622909	4066009.914957
360665.644959	4066009.718176
360665.668873	4066009.522148
360665.693269	4066009.327353
360665.718042	4066009.129057
360665.742657	4066008.932193
360665.76723	4066008.734726
360665.791775	4066008.53724
360665.816302	4066008.339762
360665.840929	4066008.142388
360665.865753	4066007.945171
360665.890703	4066007.748263
360665.915652	4066007.552388
360665.940989	4066007.357425
360665.967805	4066007.161812
360665.990409	4066006.963312
360666.007775	4066006.766205
360666.024819	4066006.568071
360666.041773	4066006.370157
360666.070582	4066006.17522
360666.113401	4066005.981717
360666.144424	4066005.785079
360666.168983	4066005.587695
360666.194514	4066005.390025
360666.220015	4066005.192539
360666.245545	4066004.995311
360666.270931	4066004.798329
360666.29595	4066004.601571
360666.320862	4066004.405085
360666.3458	4066004.20914
360666.370735	4066004.012706
360666.395597	4066003.815883
360666.420597	4066003.618308
360666.445443	4066003.422461
360666.470562	4066003.22475
360666.49577	4066003.026613
360666.520794	4066002.829321
360666.545504	4066002.634042
360666.570325	4066002.437649
360666.595031	4066002.242055
360666.620172	4066002.044016
360666.645085	4066001.848264
360666.669774	4066001.653064
360666.694308	4066001.458114
360666.718672	4066001.263392
360666.743374	4066001.064997
360666.767627	4066000.870254
360666.792316	4066000.671969
360666.817025	4066000.473955
360666.841384	4066000.27901
360666.865784	4066000.083669
360666.89044	4065999.886146
360666.914881	4065999.689643
360666.93948	4065999.491594
360666.964105	4065999.293702
360666.988679	4065999.096172
360667.013092	4065998.899873
360667.037639	4065998.701655
360667.061698	4065998.505406
360667.086108	4065998.308948
360667.113219	4065998.113057
360667.13272	4065997.917359
360667.142244	4065997.718018
360667.157391	4065997.518745
360667.195736	4065997.322854
360667.22502	4065997.125813
360667.239425	4065996.929191
360667.260017	4065996.730498
360667.292366	4065996.536039
360667.324093	4065996.338697
360667.353674	4065996.143012
360667.371993	4065995.946248
360667.384239	4065995.748893
360667.401444	4065995.552098
360667.423852	4065995.356828
360667.454283	4065995.159245
360667.490893	4065994.965221
360667.515797	4065994.767214
360667.5356	4065994.571121
360667.564651	4065994.37457
360667.59702	4065994.179808
360667.61583	4065993.984327
360667.631671	4065993.788433
360667.660977	4065993.592223
360667.694016	4065993.398338
360667.713053	4065993.199497
360667.730564	4065993.003268
360667.764826	4065992.807086
360667.805714	4065992.613103
360667.834877	4065992.418117
360667.86163	4065992.222819
360667.891028	4065992.025165
360667.920958	4065991.83057
360667.951768	4065991.636634
360667.984308	4065991.439936
360668.018538	4065991.246119
360668.053434	4065991.051003
360668.085552	4065990.855395
360668.12008	4065990.661818
360668.165595	4065990.470107
360668.214611	4065990.27706
360668.259282	4065990.082368
360668.305056	4065989.889117
360668.354103	4065989.698962
360668.40511	4065989.509097
360668.457593	4065989.317363
360668.512678	4065989.128849
360668.574107	4065988.938551
360668.636894	4065988.751925
360668.701676	4065988.562868
360668.768963	4065988.375303
360668.838793	4065988.190446
360668.912458	4065988.005123
360668.989236	4065987.821909
360669.067926	4065987.642058
360669.149629	4065987.463152
360669.235467	4065987.283203
360669.324242	4065987.105046
360669.416394	4065986.928685
360669.51207	4065986.754243
360669.611309	4065986.581893
360669.714324	4065986.411597
360669.819768	4065986.244226
360669.927716	4065986.07973
360670.040428	4065985.917419
360670.157855	4065985.757202
360670.265226	4065985.590305
360670.365168	4065985.418006
360670.495986	4065985.267735
360670.644856	4065985.138959
360670.775499	4065984.989787
360670.894623	4065984.829435
360671.025889	4065984.680278
360671.167888	4065984.541571
360671.326598	4065984.423597
360671.491604	4065984.316538
360671.649461	4065984.194608
360671.801746	4065984.070595
360671.961702	4065983.951283
360672.125107	4065983.836496
360672.291449	4065983.728891
360672.459146	4065983.624965
360672.623287	4065983.514055
360672.788507	4065983.407522
360672.968398	4065983.323011
360673.151826	4065983.245922
360673.333688	4065983.163322
360673.514073	4065983.084204
360673.697896	4065983.010229
360673.883667	4065982.941108
360674.070874	4065982.877621
360674.258438	4065982.818323
360674.448002	4065982.760209
360674.639878	4065982.708657
360674.832993	4065982.666628
360675.028519	4065982.627928
360675.22259	4065982.59058
360675.419698	4065982.556842
360675.616825	4065982.527955
360675.811907	4065982.502835
360676.007582	4065982.480438
360676.203875	4065982.460475
360676.399986	4065982.442558
360676.598434	4065982.426772
360676.797244	4065982.413126
360676.993609	4065982.401557
360677.190357	4065982.391377
360677.388853	4065982.383088
360677.585508	4065982.37629
360677.784341	4065982.372026
360677.980546	4065982.369341
360678.179785	4065982.36865
360678.376419	4065982.370179
360678.573373	4065982.372717
360678.771371	4065982.377244
360678.968861	4065982.382992
360679.165161	4065982.390149
360679.363472	4065982.398907
360679.56087	4065982.409707
360679.757819	4065982.421587
360679.953993	4065982.43449
360680.151716	4065982.448506
360680.35003	4065982.463693
360680.548544	4065982.479676
360680.744075	4065982.496155
360680.942895	4065982.513783
360681.141074	4065982.532322
360681.338	4065982.551425
360681.533571	4065982.571097
360681.729544	4065982.591343
360681.925694	4065982.612161
360682.123345	4065982.634129
360682.318908	4065982.656854
360682.515612	4065982.678943
360682.712397	4065982.700698
360682.909897	4065982.725323
360683.10435	4065982.75197
360683.299213	4065982.779067
360683.49403	4065982.806201
360683.690735	4065982.827871
360683.886928	4065982.846145
360684.083648	4065982.869188
360684.279084	4065982.89555
360684.474055	4065982.921615
360684.669285	4065982.948047
360684.866706	4065982.974747
360685.064502	4065983.002074
360685.260609	4065983.032671
360685.457423	4065983.064402
360685.654865	4065983.090427
360685.852671	4065983.115226
360686.048082	4065983.14365
360686.244388	4065983.173188
360686.44134	4065983.200634
360686.639159	4065983.229849
360686.834823	4065983.266455
360687.029828	4065983.300351
360687.225675	4065983.324083
360687.421493	4065983.347908
360687.615944	4065983.376978
360687.811896	4065983.407104
360688.006385	4065983.435044
360688.200091	4065983.467841
360688.394269	4065983.51347
360688.59162	4065983.544184
360688.787913	4065983.559955
360688.984224	4065983.582012
360689.180544	4065983.613257
360689.378016	4065983.643763
360689.572647	4065983.672817
360689.767792	4065983.701435
360689.962557	4065983.729995
360690.157012	4065983.766838
360690.351065	4065983.809781
360690.548364	4065983.834409
360690.746488	4065983.851485
360690.940135	4065983.883694
360691.135864	4065983.924397
360691.33094	4065983.946771
360691.527285	4065983.964771
360691.723932	4065983.990023
360691.91952	4065984.018799
360692.11708	4065984.046853
360692.311894	4065984.075352
360692.508079	4065984.107552
360692.704139	4065984.139092
360692.90148	4065984.163987
360693.097643	4065984.187713
360693.292719	4065984.215123
360693.488899	4065984.243587
360693.685066	4065984.271352
360693.882385	4065984.29917
360694.079476	4065984.326896
360694.276805	4065984.354547
360694.47465	4065984.382089
360694.671919	4065984.409549
360694.867845	4065984.43698
360695.063062	4065984.464213
360695.257623	4065984.491275
360695.452076	4065984.517684
360695.646773	4065984.542067
360695.841475	4065984.569504
360696.036423	4065984.607278
360696.230336	4065984.637421
360696.426005	4065984.654512
360696.622035	4065984.673329
360696.820027	4065984.699084
360697.014392	4065984.727353
360697.209906	4065984.759733
360697.40689	4065984.786283
360697.603168	4065984.806481
360697.799627	4065984.829458
360697.995564	4065984.856
360698.190225	4065984.881298
360698.386711	4065984.905972
360698.580906	4065984.935906
360698.776892	4065984.97186
360698.974013	4065984.996242
360699.172092	4065985.01435
360699.369264	4065985.036543
360699.567668	4065985.061678
360699.764229	4065985.087021
360699.958863	4065985.112711
360700.156297	4065985.13872
360700.351186	4065985.164523
360700.546647	4065985.190652
360700.744735	4065985.217174
360700.939899	4065985.243013
360701.134434	4065985.268763
360701.329394	4065985.294776
360701.525872	4065985.321043
360701.72157	4065985.347163
360701.917306	4065985.373303
360702.113872	4065985.39955
360702.308973	4065985.425714
360702.507085	4065985.45259
360702.70363	4065985.479342
360702.898267	4065985.50577
360703.093953	4065985.532263
360703.288973	4065985.558423
360703.485518	4065985.585008
360703.680728	4065985.611958
360703.875657	4065985.638757
360704.071468	4065985.664967
360704.267526	4065985.693072
360704.463087	4065985.725306
360704.658486	4065985.7533
360704.856981	4065985.775199
360705.052663	4065985.803022
360705.247513	4065985.84373
360705.44285	4065985.875131
360705.639643	4065985.897038
360705.836237	4065985.919159
360706.032175	4065985.942008
360706.229317	4065985.971669
360706.423499	4065986.004342
360706.621308	4065986.025574
360706.819351	4065986.043133
360707.017352	4065986.067139
360707.214073	4065986.094152
360707.41203	4065986.119543
360707.609812	4065986.144395
360707.804862	4065986.168479
360708.000696	4065986.192405
360708.198106	4065986.217343
360708.393633	4065986.240384
360708.589106	4065986.259052
360708.784553	4065986.276215
360708.983128	4065986.2941
360709.180924	4065986.311391
360709.377007	4065986.327987
360709.573389	4065986.343127
360709.769452	4065986.356111
360709.96852	4065986.367168
360710.165426	4065986.376401
360710.365021	4065986.38255
360710.562462	4065986.385707
360710.762044	4065986.386816
360710.961743	4065986.384923
360711.161479	4065986.38132
360711.359454	4065986.37421
360711.556291	4065986.364443
360711.755035	4065986.351694
360711.951414	4065986.33617
360712.148028	4065986.317459
360712.345426	4065986.2933
360712.539242	4065986.258344
360712.735716	4065986.22559
360712.930864	4065986.200857
360713.125475	4065986.173702
360713.322047	4065986.140777
360713.516445	4065986.103642
360713.707949	4065986.061199
360713.899511	4065986.015514
360714.092419	4065985.966691
360714.282463	4065985.915957
360714.472532	4065985.863624
360714.658575	4065985.799832
360714.839534	4065985.71625
360715.0278	4065985.653284
360715.221996	4065985.611442
360715.409293	4065985.552834
360715.5886	4065985.468309
360715.768498	4065985.388354
360715.952231	4065985.311007
360716.135574	4065985.235638
360716.317852	4065985.161781
360716.497481	4065985.082232
360716.674241	4065984.997095
360716.848669	4065984.900505
360717.017806	4065984.796244
360717.192883	4065984.703347
360717.370872	4065984.612461
360717.540874	4065984.509554
360717.705156	4065984.398133
360717.863082	4065984.276909
360718.017724	4065984.155276
360718.182888	4065984.043084
360718.346148	4065983.93401
360718.507198	4065983.815989
360718.674112	4065983.708387
360718.853276	4065983.620781
360719.025009	4065983.52048
360719.179032	4065983.396157
360719.330879	4065983.268034
360719.479753	4065983.139943
360719.633153	4065983.015527
360719.789176	4065982.894585
360719.941555	4065982.769015
360720.091154	4065982.639198
360720.240186	4065982.507674
360720.38615	4065982.376555
360720.533012	4065982.245903
360720.681909	4065982.113181
360720.81883	4065981.967906
360720.943967	4065981.816226
360721.084093	4065981.676676
360721.230261	4065981.545162
360721.3681	4065981.402952
360721.499738	4065981.254852
360721.630755	4065981.104549
360721.757438	4065980.95481
360721.885105	4065980.802211
360722.008023	4065980.647492
360722.110061	4065980.47971
360722.20441	4065980.30716
360722.330914	4065980.15497
360722.468222	4065980.010192
360722.567634	4065979.84022
360722.65782	4065979.661819
360722.773219	4065979.503113
360722.894182	4065979.3467
360722.996486	4065979.177157
360723.09234	4065979.002139
360723.186935	4065978.827558
360723.278565	4065978.651784
360723.36777	4065978.475776
360723.452907	4065978.29673
360723.529667	4065978.113182
360723.605863	4065977.929185
360723.689083	4065977.74916
360723.770053	4065977.567879
360723.844084	4065977.385845
360723.910294	4065977.197207
360723.960009	4065977.003694
360724.01286	4065976.812608
360724.089102	4065976.63105
360724.163018	4065976.448667
360724.220237	4065976.259464
360724.273836	4065976.068251
360724.327508	4065975.876687
360724.379647	4065975.683943
360724.429267	4065975.49342
360724.477339	4065975.302629
360724.524955	4065975.108424
360724.570455	4065974.914283
360724.6134	4065974.720427
360724.654822	4065974.525788
360724.694413	4065974.332923
360724.733396	4065974.137776
360724.771402	4065973.94307
360724.808885	4065973.747104
360724.845786	4065973.551536
360724.881469	4065973.354887
360724.914473	4065973.161131
360724.949146	4065972.964232
360724.986411	4065972.768572
360725.022247	4065972.574478
360725.056072	4065972.379021
360725.089186	4065972.185342
360725.122197	4065971.991765
360725.155325	4065971.796738
360725.189197	4065971.602023
360725.216628	4065971.407581
360725.237198	4065971.209431
360725.265896	4065971.011631
360725.307093	4065970.817668
360725.341833	4065970.621977
360725.369833	4065970.425052
360725.397678	4065970.229907
360725.426029	4065970.032658
360725.453919	4065969.83575
360725.481356	4065969.639186
360725.508239	4065969.443394
360725.534598	4065969.248356
360725.561329	4065969.050227
360725.5879	4065968.852764
360725.614288	4065968.65486
360725.640495	4065968.456799
360725.666497	4065968.260392
360725.692346	4065968.064844
360725.718259	4065967.867264
360725.743719	4065967.672157
360725.769275	4065967.476606
360725.794941	4065967.280328
360725.82089	4065967.082337
360725.846395	4065966.887822
360725.87188	4065966.692539
360725.897587	4065966.495206
360725.923338	4065966.298134
360725.949188	4065966.100999
360725.974901	4065965.906253
360726.000899	4065965.710421
360726.027273	4065965.513178
360726.053743	4065965.315225
360726.080252	4065965.117525
360726.105901	4065964.919965
360726.128496	4065964.722733
360726.151136	4065964.525911
360726.178301	4065964.329668
360726.206189	4065964.134012
360726.231043	4065963.938714
360726.255489	4065963.740901
360726.280438	4065963.545945
360726.304616	4065963.347906
360726.325212	4065963.152686
360726.346879	4065962.957518
360726.373224	4065962.760014
360726.399629	4065962.562485
360726.424631	4065962.365055
360726.449094	4065962.167083
360726.4732	4065961.970234
360726.494918	4065961.774079
360726.513584	4065961.575306
360726.535618	4065961.377441
360726.564692	4065961.181615
360726.5867	4065960.983466
360726.600196	4065960.786883
360726.621051	4065960.588208
360726.65483	4065960.391336
360726.681172	4065960.19576
360726.701981	4065959.997754
360726.724592	4065959.801978
360726.748833	4065959.60478
360726.768994	4065959.408785
360726.786878	4065959.209868
360726.809386	4065959.014623
360726.83617	4065958.819068
360726.860464	4065958.621022
360726.882892	4065958.425112
360726.906046	4065958.226603
360726.929183	4065958.029103
360726.951502	4065957.832828
360726.973115	4065957.637781
360726.993829	4065957.440698
360727.014242	4065957.244987
360727.03932	4065957.049626
360727.067114	4065956.853978
360727.09251	4065956.659028
360727.115835	4065956.462264
360727.132652	4065956.265077
360727.148594	4065956.0679
360727.177091	4065955.872952
360727.212335	4065955.678675
360727.239851	4065955.482227
360727.265448	4065955.285813
360727.293786	4065955.089542
360727.32131	4065954.893916
360727.342217	4065954.69835
360727.364962	4065954.501838
360727.406016	4065954.306246
360727.453241	4065954.115494
360727.492943	4065953.919833
360727.53272	4065953.72431
360727.576792	4065953.529584
360727.623207	4065953.338766
360727.673634	4065953.146248
360727.727253	4065952.955227
360727.783926	4065952.766031
360727.84419	4065952.577759
360727.90893	4065952.389187
360727.977025	4065952.202358
360728.049371	4065952.019032
360728.121729	4065951.833396
360728.18481	4065951.646404
360728.258209	4065951.461078
360728.356098	4065951.289137
360728.45439	4065951.11931
360728.546146	4065950.943902
360728.640669	4065950.769368
360728.740054	4065950.597041
360728.842802	4065950.427192
360728.948907	4065950.260122
360729.058496	4065950.095192
360729.172498	4065949.93159
360729.287599	4065949.770756
360729.403554	4065949.611243
360729.527439	4065949.454574
360729.656074	4065949.305936
360729.78961	4065949.159139
360729.925483	4065949.016921
360730.062766	4065948.876468
360730.201696	4065948.73779
360730.343468	4065948.601516
360730.488195	4065948.46768
360730.63795	4065948.33807
360730.791907	4065948.212403
360730.945892	4065948.087059
360731.098761	4065947.96312
360731.250338	4065947.834022
360731.402596	4065947.707741
360731.569938	4065947.603145
360731.742067	4065947.508618
360731.908641	4065947.404746
360732.074678	4065947.298643
360732.24411	4065947.197372
360732.415976	4065947.098954
360732.590567	4065947.00284
360732.766997	4065946.909661
360732.94424	4065946.820944
360733.121362	4065946.734763
360733.2984	4065946.64551
360733.476423	4065946.560605
360733.661068	4065946.487599
360733.845481	4065946.419081
360734.028341	4065946.348227
360734.212178	4065946.27876
360734.399316	4065946.212278
360734.585891	4065946.149122
360734.773931	4065946.088401
360734.963006	4065946.030257
360735.153295	4065945.976254
360735.342434	4065945.920796
360735.528393	4065945.853312
360735.717251	4065945.798735
360735.911349	4065945.767522
360736.107498	4065945.736074
360736.299899	4065945.696262
360736.495416	4065945.656297
360736.689009	4065945.620058
360736.882567	4065945.586373
360737.076822	4065945.555137
360737.271051	4065945.526319
360737.468633	4065945.499185
360737.663313	4065945.4749
360737.859348	4065945.452738
360738.056307	4065945.432545
360738.254301	4065945.414035
360738.452383	4065945.397428
360738.650512	4065945.382419
360738.847348	4065945.369567
360739.045949	4065945.358386
360739.242315	4065945.349157
360739.441426	4065945.34123
360739.637787	4065945.334969
360739.83414	4065945.329711
360740.030763	4065945.326827
360740.22794	4065945.325119
360740.426997	4065945.324992
360740.62414	4065945.326052
360740.822332	4065945.327924
360741.021547	4065945.331654
360741.219546	4065945.336169
360741.416435	4065945.341853
360741.614407	4065945.348646
360741.813095	4065945.356827
360742.009674	4065945.36566
360742.208992	4065945.375503
360742.405717	4065945.38571
360742.602047	4065945.396579
360742.800557	4065945.408842
360742.996704	4065945.422202
360743.194425	4065945.436583
360743.391222	4065945.451927
360743.587351	4065945.468088
360743.784927	4065945.485307
360743.98271	4065945.502951
360744.178157	4065945.521606
360744.373749	4065945.546903
360744.569077	4065945.575669
360744.76759	4065945.594376
360744.96603	4065945.609773
360745.163075	4065945.631171
360745.360177	4065945.656178
360745.558637	4065945.680776
360745.755738	4065945.705748
360745.952289	4065945.731563
360746.149704	4065945.758218
360746.344964	4065945.785235
360746.542483	4065945.812988
360746.737899	4065945.840515
360746.933988	4065945.868295
360747.130761	4065945.895168
360747.328206	4065945.925531
360747.523266	4065945.967657
360747.716646	4065946.001355
360747.913042	4065946.019309
360748.110894	4065946.038583
360748.309118	4065946.064784
360748.506971	4065946.092179
360748.703616	4065946.119075
360748.899131	4065946.151528
360749.093597	4065946.193917
360749.288565	4065946.221399
360749.48716	4065946.237362
360749.685497	4065946.258749
360749.882187	4065946.285688
360750.079822	4065946.31268
360750.275613	4065946.339743
360750.47259	4065946.367025
360750.67012	4065946.394523
360750.866316	4065946.422108
360751.062101	4065946.44982
360751.260187	4065946.476853
360751.455133	4065946.504596
360751.648138	4065946.543387
360751.843072	4065946.583162
360752.040738	4065946.601544
360752.238882	4065946.617151
360752.434065	4065946.64176
360752.631711	4065946.6721
360752.825575	4065946.7096
360753.020825	4065946.743686
360753.216377	4065946.761573
360753.413326	4065946.781975
360753.606438	4065946.825982
360753.801487	4065946.860507
360753.999987	4065946.875878
360754.196844	4065946.894365
360754.39227	4065946.922485
360754.586613	4065946.950969
360754.783045	4065946.978555
360754.980842	4065947.007638
360755.175765	4065947.038207
360755.370375	4065947.063888
360755.568625	4065947.085702
360755.767248	4065947.109052
360755.962714	4065947.133895
360756.156636	4065947.168537
360756.349469	4065947.208908
360756.547675	4065947.228288
360756.743671	4065947.241816
360756.941355	4065947.264931
360757.137551	4065947.292615
360757.332251	4065947.317429
360757.529111	4065947.343592
360757.723321	4065947.376575
360757.917627	4065947.407188
360758.113806	4065947.426961
360758.311793	4065947.447014
360758.508276	4065947.472712
360758.705035	4065947.499514
360758.900636	4065947.525483
360759.09861	4065947.551734
360759.296714	4065947.577997
360759.491806	4065947.60358
360759.688897	4065947.62899
360759.8861	4065947.654532
360760.083144	4065947.680278
360760.28029	4065947.706116
360760.477602	4065947.732041
360760.673998	4065947.757984
360760.86938	4065947.783942
360761.066892	4065947.809855
360761.262639	4065947.835228
360761.458499	4065947.860718
360761.654404	4065947.886288
360761.851295	4065947.911812
360762.049652	4065947.937361
360762.246372	4065947.962518
360762.444504	4065947.987725
360762.642392	4065948.012428
360762.840513	4065948.037781
360763.035985	4065948.070448
360763.232512	4065948.105259
360763.430468	4065948.125778
360763.629431	4065948.142045
360763.824658	4065948.163226
360764.019912	4065948.187191
360764.21476	4065948.211092
360764.412301	4065948.23568
360764.609009	4065948.259773
360764.806913	4065948.283891
360765.002325	4065948.307905
360765.19766	4065948.331892
360765.395888	4065948.355938
360765.593354	4065948.379716
360765.789045	4065948.403136
360765.986117	4065948.426648
360766.183805	4065948.450219
360766.382191	4065948.473857
360766.579894	4065948.497401
360766.777121	4065948.520914
360766.973907	4065948.544513
360767.169281	4065948.567405
360767.366396	4065948.589142
360767.563537	4065948.615172
360767.757109	4065948.648067
360767.953365	4065948.670965
360768.152654	4065948.685552
360768.351628	4065948.704558
360768.546449	4065948.728749
360768.744752	4065948.752678
360768.942303	4065948.775978
360769.137735	4065948.799434
360769.335152	4065948.823534
360769.531256	4065948.84769
360769.72935	4065948.872324
360769.925915	4065948.897041
360770.124036	4065948.922215
360770.319404	4065948.947167
360770.516603	4065948.972578
360770.712669	4065948.998377
360770.908322	4065949.024818
360771.10317	4065949.052829
360771.299759	4065949.082218
360771.496158	4065949.110969
360771.692861	4065949.140087
360771.886789	4065949.17082
360772.080751	4065949.203257
360772.275784	4065949.237399
360772.46912	4065949.27304
360772.662377	4065949.310819
360772.85484	4065949.350854
360773.049753	4065949.393335
360773.242343	4065949.440184
360773.4319	4065949.503508
360773.617461	4065949.568671
360773.809888	4065949.614608
360774.001228	4065949.661765
360774.184817	4065949.736647
360774.367199	4065949.817445
360774.554079	4065949.880838
360774.739361	4065949.952175
360774.909547	4065950.053066
360775.080363	4065950.149496
360775.263924	4065950.225197
360775.445406	4065950.307789
360775.615984	4065950.406979
360775.781533	4065950.512432
360775.944949	4065950.624014
360776.107428	4065950.738751
360776.268661	4065950.853116
360776.426421	4065950.972778
360776.579455	4065951.098758
360776.728336	4065951.228592
360776.874948	4065951.363746
360777.017221	4065951.502702
360777.155333	4065951.645694
360777.289951	4065951.792283
360777.420049	4065951.939193
360777.540535	4065952.095679
360777.64583	4065952.261869
360777.76012	4065952.423578
360777.88723	4065952.573356
360778.005089	4065952.733255
360778.110431	4065952.90322
360778.211215	4065953.075194
360778.30791	4065953.248721
360778.401082	4065953.424431
360778.491072	4065953.602388
360778.574395	4065953.783869
360778.650176	4065953.965446
360778.723535	4065954.148185
360778.794232	4065954.331667
360778.860551	4065954.519598
360778.921778	4065954.708548
360778.977989	4065954.900272
360779.028775	4065955.09071
360779.075842	4065955.284321
360779.118681	4065955.477652
360779.155826	4065955.673446
360779.187793	4065955.867498
360779.215833	4065956.061831
360779.240603	4065956.256549
360779.262039	4065956.455372
360779.280435	4065956.654363
360779.296229	4065956.852427
360779.309809	4065957.049832
360779.319537	4065957.249003
360779.326692	4065957.445477
360779.331193	4065957.643544
360779.334176	4065957.839973
360779.334182	4065958.038376
360779.332805	4065958.238303
360779.330205	4065958.435153
360779.325064	4065958.632577
360779.318666	4065958.831838
360779.310506	4065959.029512
360779.301656	4065959.227449
360779.291829	4065959.425389
360779.280886	4065959.622749
360779.268806	4065959.819793
360779.256338	4065960.017603
360779.243286	4065960.216074
360779.229625	4065960.411827
360779.215135	4065960.608174
360779.199682	4065960.806663
360779.18363	4065961.0036
360779.16755	4065961.201401
360779.151319	4065961.397887
360779.134012	4065961.595479
360779.115995	4065961.791514
360779.097029	4065961.988924
360779.077434	4065962.185491
360779.057509	4065962.383862
360779.037559	4065962.579098
360779.016231	4065962.777391
360778.994968	4065962.975384
360778.977587	4065963.174068
360778.9605	4065963.372504
360778.933567	4065963.568697
360778.902275	4065963.763367
360778.880102	4065963.960306
360778.859665	4065964.157075
360778.833022	4065964.352942
360778.803984	4065964.549945
360778.777364	4065964.746554
360778.751321	4065964.943118
360778.725168	4065965.139341
360778.699164	4065965.335729
360778.673383	4065965.533094
360778.647825	4065965.730581
360778.622663	4065965.927318
360778.597458	4065966.123826
360778.571528	4065966.320027
360778.545729	4065966.516953
360778.521288	4065966.713001
360778.497251	4065966.90801
360778.472542	4065967.105086
360778.44796	4065967.300904
360778.423446	4065967.49786
360778.39902	4065967.692704
360778.372687	4065967.89089
360778.349213	4065968.085889
360778.331557	4065968.2844
360778.311791	4065968.4819
360778.281052	4065968.677262
360778.250377	4065968.872369
360778.225884	4065969.068253
360778.202333	4065969.264012
360778.17841	4065969.459491
360778.154586	4065969.654259
360778.130393	4065969.851287
360778.106159	4065970.049496
360778.082303	4065970.246191
360778.058291	4065970.444124
360778.034278	4065970.639963
360778.011004	4065970.837313
360777.98966	4065971.033757
360777.966149	4065971.231876
360777.938792	4065971.429516
360777.913369	4065971.624218
360777.889786	4065971.820209
360777.870002	4065972.016748
360777.854945	4065972.21558
360777.833995	4065972.412279
360777.801032	4065972.607814
360777.774027	4065972.804308
360777.753993	4065973.001907
360777.731015	4065973.196949
360777.703252	4065973.392759
360777.677203	4065973.589783
360777.652974	4065973.788177
360777.628753	4065973.983414
360777.604107	4065974.179257
360777.579465	4065974.373948
360777.554322	4065974.571447
360777.528999	4065974.769578
360777.503999	4065974.964545
360777.478886	4065975.161871
360777.454154	4065975.356833
360777.428098	4065975.551596
360777.401686	4065975.747207
360777.382996	4065975.944059
360777.367419	4065976.141967
360777.340366	4065976.339027
360777.305921	4065976.53383
360777.283319	4065976.730274
360777.264587	4065976.928925
360777.237972	4065977.125125
360777.207282	4065977.320591
360777.181628	4065977.517138
360777.157615	4065977.714476
360777.132769	4065977.911614
360777.107951	4065978.107348
360777.083057	4065978.303965
360777.058165	4065978.50107
360777.032871	4065978.697608
360777.008963	4065978.896114
360776.989189	4065979.093281
360776.969736	4065979.291431
360776.95057	4065979.487288
360776.925856	4065979.685714
360776.888195	4065979.880817
360776.855545	4065980.076348
360776.831019	4065980.274596
360776.806745	4065980.471911
360776.78195	4065980.666969
360776.757082	4065980.862865
360776.732066	4065981.060516
360776.707047	4065981.257021
360776.681674	4065981.454763
360776.656832	4065981.650245
360776.632012	4065981.847312
360776.605549	4065982.045134
360776.579433	4065982.239949
360776.563513	4065982.439136
360776.551437	4065982.638761
360776.529793	4065982.834443
360776.499825	4065983.029548
360776.467493	4065983.22541
360776.435216	4065983.421088
360776.410687	4065983.618047
360776.388141	4065983.816555
360776.36427	4065984.013673
360776.340314	4065984.210395
360776.316608	4065984.40697
360776.292803	4065984.602926
360776.26659	4065984.798007
360776.24588	4065984.995806
360776.235238	4065985.192007
360776.21951	4065985.388609
360776.183747	4065985.58208
360776.15195	4065985.779231
360776.12985	4065985.974301
360776.107476	4065986.172442
360776.084126	4065986.370351
360776.061288	4065986.565633
360776.038454	4065986.762979
360776.015796	4065986.959681
360775.99333	4065987.155587
360775.970504	4065987.35233
360775.947394	4065987.549946
360775.928127	4065987.748772
360775.911439	4065987.947919
360775.888768	4065988.142825
360775.860514	4065988.337468
360775.841809	4065988.53626
360775.828576	4065988.732081
360775.805379	4065988.928178
360775.773187	4065989.124513
360775.749461	4065989.322865
360775.729797	4065989.518701
360775.709172	4065989.714252
360775.68837	4065989.909768
360775.667591	4065990.104973
360775.646944	4065990.300301
360775.626322	4065990.49766
360775.606711	4065990.695246
360775.591678	4065990.892012
360775.576877	4065991.090674
360775.551727	4065991.28816
360775.523158	4065991.482453
360775.501453	4065991.679507
360775.481528	4065991.876451
360775.460988	4065992.073942
360775.440308	4065992.271802
360775.419195	4065992.469704
360775.398269	4065992.664993
360775.377138	4065992.863266
360775.356057	4065993.061023
360775.334854	4065993.259475
360775.313713	4065993.457362
360775.292601	4065993.655704
360775.271295	4065993.854052
360775.249651	4065994.05212
360775.228257	4065994.247481
360775.206555	4065994.444857
360775.185483	4065994.641294
360775.164529	4065994.839176
360775.146731	4065995.035498
360775.133051	4065995.231774
360775.114556	4065995.430724
360775.084942	4065995.627423
360775.062116	4065995.822448
360775.048074	4065996.019107
360775.029121	4065996.217734
360775.000832	4065996.415283
360774.975623	4065996.612653
360774.954165	4065996.80958
360774.936259	4065997.006697
360774.921787	4065997.204084
360774.90188	4065997.400656
360774.873537	4065997.596326
360774.848961	4065997.792047
360774.82818	4065997.987826
360774.806901	4065998.184904
360774.785068	4065998.383314
360774.763879	4065998.578513
360774.742903	4065998.774399
360774.721335	4065998.973078
360774.699588	4065999.170614
360774.678043	4065999.366691
360774.656275	4065999.56519
360774.63484	4065999.761548
360774.613328	4065999.959334
360774.591795	4066000.155426
360774.569805	4066000.353891
360774.547968	4066000.550284
360774.525887	4066000.746056
360774.50223	4066000.940082
360774.476384	4066001.133778
360774.452407	4066001.31034
360774.428338	4066001.48622
360774.401279	4066001.682988
360774.376623	4066001.861709
360774.350203	4066002.052805
360774.327892	4066002.21394
360774.304614	4066002.381879
360774.280443	4066002.556127
360774.255451	4066002.736187
360774.22971	4066002.921563
360774.203292	4066003.111759
360774.176272	4066003.306281
360774.155653	4066003.454712
360774.134767	4066003.605087
360774.113643	4066003.757198
360774.092312	4066003.910836
360774.070804	4066004.06579
360774.049151	4066004.221852
360774.027382	4066004.378813
360774.005529	4066004.536463
