360951.192	4065815.345
360951.227	4065814.311
360951.203	4065813.301
360951.227	4065812.362
360951.203	4065811.446
360951.203	4065810.366
360951.18	4065809.309
360951.156	4065808.229
360951.156	4065807.078
360951.133	4065805.997
360951.133	4065804.847
360951.133	4065803.766
360951.109	4065802.709
360951.109	4065801.394
360951.109	4065800.196
360951.109	4065798.975
360951.25	4065797.777
360951.415	4065796.791
360951.884	4065795.781
360952.542	4065794.983
360953.34	4065794.313
360954.221	4065793.761
360955.078	4065793.409
360955.994	4065793.057
360957.004	4065792.869
360958.096	4065792.728
360959.118	4065792.657
360960.269	4065792.599
360961.408	4065792.575
360962.676	4065792.575
360963.827	4065792.575
360965.048	4065792.517
360966.269	4065792.493
360967.608	4065792.446
360969.041	4065792.423
360970.133	4065792.428
360971.096	4065792.428
360971.988	4065792.428
360972.963	4065792.428
360973.667	4065792.428
360974.607	4065792.417
360975.558	4065792.417
360976.521	4065792.417
360977.449	4065792.428
360978.376	4065792.387
360979.363	4065792.423
360980.361	4065792.423
360981.347	4065792.434
360982.334	4065792.411
360983.661	4065792.434
360984.765	4065792.423
360985.927	4065792.434
360986.949	4065792.411
360987.959	4065792.411
360988.816	4065792.411
360989.673	4065792.423
360990.648	4065792.423
360991.646	4065792.411
360992.468	4065792.423
360993.349	4065792.411
360994.112	4065792.423
360994.957	4065792.423
360995.768	4065792.423
360996.801	4065792.399
360997.623	4065792.411
360998.339	4065792.399
360998.956	4065792.405
360999.625	4065792.393
361000.3	4065792.405
361001.058	4065792.387
361001.877	4065792.39
361002.699	4065792.373
361003.421	4065792.39
361004.137	4065792.379
361004.818	4065792.384
361005.699	4065792.379
361006.398	4065792.373
361007.126	4065792.379
361007.707	4065792.373
361008.289	4065792.349
361008.852	4065792.355
361009.304	4065792.355
361009.701	4065792.355
361010.079	4065792.358
361010.458	4065792.355
361010.857	4065792.358
361011.254	4065792.358
361011.688	4065792.358
361012.055	4065792.355
361012.381	4065792.358
361012.724	4065792.355
361013.077	4065792.352
361013.441	4065792.346
361013.819	4065792.349
361014.142	4065792.352
361014.518	4065792.349
361014.967	4065792.346
361015.739	4065792.332
361016.379	4065792.337
361016.861	4065792.326
361017.342	4065792.337
361017.853	4065792.337
361018.399	4065792.337
361019.004	4065792.337
361019.544	4065792.337
361020.09	4065792.332
361020.589	4065792.332
361021.094	4065792.326
361021.587	4065792.332
361022.081	4065792.332
361022.668	4065792.332
361023.59	4065792.308
361024.529	4065792.308
361025.609	4065792.308
361026.878	4065792.308
361027.817	4065792.308
361028.968	4065792.308
361030.072	4065792.308
361031.481	4065792.285
361032.819	4065792.308
361033.665	4065792.296
361034.581	4065792.308
361035.426	4065792.308
361036.436	4065792.32
361037.669	4065792.308
361038.914	4065792.308
361040.018	4065792.308
361041.239	4065792.355
361042.531	4065792.379
361043.893	4065792.355
361045.208	4065792.379
361046.523	4065792.308
361047.745	4065792.355
361048.849	4065792.379
361049.835	4065792.449
361050.61	4065792.59
361051.385	4065792.801
361052.113	4065793.036
361052.747	4065793.271
361053.452	4065793.694
361054.015	4065794.116
361054.485	4065794.586
361054.931	4065795.032
361055.284	4065795.549
361055.589	4065796.113
361055.871	4065796.676
361056.129	4065797.264
361056.176	4065797.945
361056.247	4065798.555
361056.294	4065799.119
361056.364	4065799.683
361056.458	4065800.317
361056.481	4065800.927
361056.505	4065801.538
361056.493	4065802.09
361056.493	4065802.583
361056.505	4065803.065
361056.505	4065803.476
361056.528	4065803.863
361056.54	4065804.251
361056.54	4065804.662
361056.552	4065805.155
361056.564	4065805.613
361056.564	4065806.059
361056.564	4065806.494
361056.587	4065806.928
361056.587	4065807.362
361056.587	4065807.809
361056.587	4065808.196
361056.599	4065808.543
361056.599	4065808.848
361056.611	4065809.194
361056.611	4065809.57
361056.622	4065809.946
361056.628	4065810.322
361056.64	4065810.844
361056.652	4065811.361
361056.663	4065811.854
361056.663	4065812.277
361056.675	4065812.723
361056.687	4065813.146
361056.687	4065813.522
361056.699	4065813.968
361056.71	4065814.379
361056.722	4065814.825
361056.722	4065815.283
361056.734	4065815.729
361056.722	4065816.176
361056.734	4065816.645
361056.734	4065817.056
361056.722	4065817.456
361056.71	4065817.808
361056.722	4065818.266
361056.722	4065818.736
361056.734	4065819.123
361056.722	4065819.475
361056.71	4065819.851
361056.71	4065820.321
361056.699	4065820.732
361056.71	4065821.108
361056.722	4065821.495
361056.722	4065821.93
361056.734	4065822.364
361056.71	4065822.799
361056.71	4065823.186
361056.71	4065823.562
361056.71	4065824.02
361056.71	4065824.525
361056.71	4065825.006
361056.71	4065825.441
361056.699	4065825.863
361056.722	4065826.439
361056.722	4065827.003
361056.699	4065827.519
361056.722	4065828.106
361056.746	4065828.811
361056.734	4065829.445
361056.734	4065830.103
361056.734	4065830.831
361056.746	4065831.617
361056.746	4065832.522
361056.757	4065833.367
361056.757	4065834.271
361056.793	4065835.316
361056.793	4065836.303
361056.793	4065837.289
361056.804	4065838.276
361056.793	4065839.25
361056.781	4065840.202
361056.71	4065841.153
361056.616	4065841.916
361056.44	4065842.762
361056.194	4065843.525
361055.83	4065844.265
361055.43	4065844.993
361055.019	4065845.592
361054.608	4065846.038
361054.127	4065846.449
361053.61	4065846.848
361053.141	4065847.118
361052.659	4065847.388
361052.178	4065847.553
361051.684	4065847.705
361051.191	4065847.846
361050.639	4065848.011
361050.052	4065848.116
361049.582	4065848.175
361049.089	4065848.222
361048.573	4065848.281
361048.009	4065848.281
361047.175	4065848.316
361046.024	4065848.363
361044.967	4065848.48
361043.582	4065848.551
361042.361	4065848.645
361041.374	4065848.645
361040.646	4065848.692
361039.73	4065848.692
361038.72	4065848.762
361037.687	4065848.762
361036.63	4065848.739
361035.526	4065848.762
361034.281	4065848.762
361032.966	4065848.739
361031.721	4065848.833
361030.594	4065848.809
361029.467	4065848.786
361028.269	4065848.786
361027.165	4065848.833
361026.061	4065848.833
361025.228	4065848.821
361024.5	4065848.809
361023.83	4065848.774
361023.126	4065848.786
361022.433	4065848.762
361021.74	4065848.774
361021	4065848.774
361020.39	4065848.75
361019.744	4065848.774
361019.086	4065848.786
361018.44	4065848.75
361017.747	4065848.762
361017.172	4065848.774
361016.585	4065848.75
361016.056	4065848.75
361015.446	4065848.774
361014.812	4065848.762
361014.307	4065848.762
361013.802	4065848.774
361013.309	4065848.762
361012.71	4065848.739
361012.087	4065848.762
361011.5	4065848.739
361010.96	4065848.739
361010.302	4065848.75
361009.739	4065848.727
361009.093	4065848.75
361008.588	4065848.739
361008.142	4065848.75
361007.66	4065848.739
361007.202	4065848.75
361006.756	4065848.75
361006.239	4065848.739
361005.805	4065848.739
361005.394	4065848.75
361004.959	4065848.75
361004.525	4065848.75
361004.126	4065848.739
361003.691	4065848.727
361003.245	4065848.739
361002.787	4065848.739
361002.259	4065848.739
361001.742	4065848.727
361001.249	4065848.715
361000.697	4065848.715
361000.168	4065848.703
360999.675	4065848.692
360999.135	4065848.703
360998.63	4065848.715
360998.102	4065848.703
360997.538	4065848.703
360996.998	4065848.692
360996.399	4065848.715
360995.565	4065848.692
360994.872	4065848.692
360994.226	4065848.692
360993.569	4065848.68
360992.852	4065848.692
360992.054	4065848.692
360991.361	4065848.68
360990.433	4065848.715
360989.33	4065848.668
360988.249	4065848.715
360987.028	4065848.668
360985.901	4065848.715
360984.985	4065848.715
360984.127	4065848.739
360983.364	4065848.727
360982.519	4065848.727
360981.673	4065848.727
360980.91	4065848.727
360980.111	4065848.739
360979.231	4065848.739
360978.315	4065848.774
360977.364	4065848.762
360976.506	4065848.774
360975.731	4065848.774
360974.862	4065848.786
360973.993	4065848.797
360972.866	4065848.762
360971.88	4065848.762
360970.846	4065848.809
360969.742	4065848.786
360968.615	4065848.833
360967.417	4065848.88
360966.22	4065848.856
360965.139	4065848.88
360964.176	4065848.88
360963.19	4065848.856
360962.321	4065848.903
360961.358	4065848.88
360960.489	4065848.88
360959.573	4065848.856
360958.728	4065848.833
360957.6	4065848.692
360956.684	4065848.527
360955.862	4065848.269
360955.017	4065847.987
360954.312	4065847.541
360953.537	4065846.93
360952.856	4065846.273
360952.363	4065845.545
360951.987	4065844.77
360951.588	4065843.854
360951.283	4065843.008
360951.048	4065841.975
360950.883	4065841.082
360950.742	4065840.119
360950.695	4065839.18
360950.625	4065838.217
360950.625	4065837.207
360950.648	4065836.15
360950.672	4065835.07
360950.672	4065834.037
360950.695	4065832.933
360950.672	4065831.805
360950.648	4065830.749
360950.672	4065829.668
360950.672	4065828.752
360950.719	4065827.86
360950.719	4065826.944
360950.719	4065826.192
360950.742	4065825.511
360950.766	4065824.83
360950.813	4065823.867
360950.836	4065822.716
360950.93	4065821.753
360951.024	4065820.908
360951.095	4065820.156
360951.118	4065819.17
360951.142	4065818.348
360951.212	4065817.197
360951.165	4065816.563
360951.212	4065815.835
360951.192	4065815.345
360951.227	4065814.311
360951.203	4065813.301
360951.227	4065812.362
360951.203	4065811.446
360951.203	4065810.366
360951.18	4065809.309
360951.156	4065808.229
